8
1 500 1000 200 42 777 13 99
-9.432078
0.044697
0.235504
-9.920771
-8.809001
-9.547343
-9.388513
-9.746017
-9.472822
-9.594346
-9.698091
-9.746717
-9.350549
-9.086433
-9.801215
-9.143415
-9.082340
-9.751911
-9.533931
-9.509812
-8.954249
-9.529486
-9.531267
-9.486266
-9.468472
-0.760829
-1.843426
-9.680836
-9.402320
-9.733954
-8.866121
-9.503559
-9.195816
-9.647960
-8.788125
-9.413274
3.112211
5.238206
0.015992
4.469332
3.066905
-0.781693
5.287106
5.616649
-0.189072
2.348422
2.878597
3.141926
4.011889
2.688895
2.820872
-0.353602
-1.239836
0.615946
1.015565
0.911524
1.734000
-0.029215
-1.006748
-1.315575
-2.213491
5.678516
2.106563
3.942400
1.865540
1.263641
3.927687
0.542730
2.102359
-0.889662
1.840522
1.516039
0.530629
1.189475
1.671625
-0.078686
2.666273
-0.171426
1.759811
1.917777
1.174852
2.175238
1.057793
2.128687
-1.342555
0.712851
1.236250
0.205392
-0.748859
-3.355517
1.054053
-0.778478
0.073794
1.790197
0.485246
5.358045
3.008281
1.773544
2.095905
3.870665
1.814970
0.869262
0.173608
0.830801
-0.288572
2.868727
-0.702352
1.373863
1.179530
1.707163
0.648469
1.180251
2.244093
-0.001133
1.872353
0.718236
3.530683
-1.774173
3.238909
2.969824
-0.820327
-0.962415
1.569958
0.286454
2.403737
0.539456
6.013020
1.805025
3.607376
-2.525572
-3.749081
-0.679505
0.345077
-2.106249
-0.837236
-1.107814
-5.884401
-3.834777
-1.957207
-0.555897
-4.383847
-2.423948
-1.619871
-3.055843
-3.369179
-0.777713
-4.868570
-1.564017
-0.610717
-0.432868
-2.148357
-0.582041
-4.735282
-2.894885
-3.546807
-1.563123
-4.557282
-2.740161
-5.181978
-2.041598
-8.891937
-9.483758
2.538430
-0.408218
-5.675001
-5.273899
-6.356516
-7.362826
-5.046559
-6.339798
-5.711207
-8.069999
-6.517035
-5.327329
-4.469199
-5.086504
-6.450662
-4.658641
-6.138434
-6.565645
-7.618380
-5.875379
-7.048756
-7.889561
-5.413526
-6.361956
-8.391136
-6.357223
-6.495981
-6.220901
-8.541790
-8.559935
-3.323510
-1.210203
2.616413
-4.743514
-5.233539
2.060627
-2.005946
3.190716
4.531837
-1.731900
0.763655
-5.608086
-6.819124
-4.011416
-1.559852
0.555930
-4.262061
-8.916455
-8.761168
-9.158973
-8.077961
-9.400664
-9.684900
-9.248677
-9.404372
-9.014751
-9.329269
-9.219358
-9.204570
-9.512569
-9.154186
-9.392892
-4.570407
-4.059713
-5.693936
-8.089052
-6.230259
-8.118556
-4.352842
-6.980960
-5.578277
-0.705191
3.943969
-5.279150
-3.725590
-9.376540
-8.328840
-8.563075
-5.458224
-7.483958
-8.995227
-7.707434
-6.756715
-6.728563
-5.885513
-6.376110
-8.577298
-9.288293
-6.057586
-9.382904
-9.764548
-7.428355
-8.346574
-6.478444
5.443012
-6.213158
-2.423210
-2.027243
-2.322074
-5.364722
-3.481582
-4.114657
-1.999371
-1.712669
-2.941088
-4.358904
-2.952821
-1.447663
-2.807297
-2.714697
-3.780412
-3.125702
-4.579175
-5.344487
-3.323841
-5.824660
-2.633785
-4.379803
-2.577325
-3.945248
-1.449106
-1.893189
0.774888
-1.545919
-5.037712
-3.931957
-1.841858
-6.554858
-1.221288
-1.792273
-0.523605
1.508170
3.536032
-2.548365
4.440727
2.398629
1.783741
2.721508
-1.434351
1.228423
2.340299
-1.820561
1.263570
-0.688568
1.294964
-4.120354
-2.510679
3.736281
-0.931703
0.818885
2.947809
-0.159990
-0.725454
-0.495755
3.351063
1.302732
-3.058153
1.262148
0.011094
-1.215816
-2.501635
-0.551919
0.268558
-1.841153
-0.169927
3.369138
-0.455411
-1.809234
-2.152344
1.423404
-1.647082
0.042768
3.764163
0.405047
0.048732
1.790588
-1.841201
2.012075
-1.848608
3.345552
-2.564958
-0.834736
5.658824
2.018163
1.289085
-1.296793
-3.956899
-2.058002
0.721504
2.209682
0.871237
4.620184
4.725464
-2.343967
-0.665074
1.510027
-3.201791
1.150630
1.399323
-0.643268
-2.445714
1.198545
3.551696
-1.155183
-7.286077
-2.360854
-2.193759
1.374899
0.996040
-1.751464
0.443385
0.889113
1.477342
-0.414844
3.923595
0.048407
-3.061347
1.255533
-5.841702
-0.937854
0.363480
-1.596666
-5.912225
2.418855
-0.796773
1.173753
-0.098061
-2.396944
-1.953107
-1.314081
1.463849
2.229207
-0.540725
4.517025
-9.606900
-0.254279
-0.626353
1.036606
0.360344
-0.041816
-3.189075
-3.905660
-2.537135
-1.448865
1.726400
-3.432932
-0.587093
-1.509043
1.196072
0.490290
-2.480719
-1.011372
-2.216194
-0.776860
-2.042222
-0.168311
2.042260
1.773507
-2.829797
-5.225491
4.224309
0.852277
-5.043959
-0.436762
-2.445874
-3.858552
-3.971888
4.139026
-3.049399
0.974258
-0.176281
-2.004381
-1.182296
-5.895723
0.095964
-2.588613
0.418989
-1.617416
-1.755288
1.192918
1.423586
0.387681
-1.631397
3.332322
-0.528332
-1.136508
-0.135897
-2.719984
2.435374
-1.231312
1.677998
-1.788937
-0.010558
-3.592192
0.215383
-1.010421
-2.161741
1.716873
0.252415
0.107132
-0.284626
-1.005488
0.953782
-3.160525
-1.605685
1.228192
-0.624630
-0.265942
-4.042649
-1.153812
-3.057506
-2.157101
-2.615839
-1.482622
-0.836498
1.382351
0.852021
-0.422980
-1.585418
0.872850
1.091770
1.660459
-3.600130
-1.477248
-3.718965
-2.726422
-1.273151
-2.350584
-0.790143
-0.366950
1.595375
-1.923468
1.989244
-3.311383
1.570621
-0.828984
-2.633102
-3.552864
0.791211
0.137615
-6.198096
5.411469
-1.839459
1.519922
-2.632751
-0.895257
-1.361096
-1.686172
-0.723044
-1.606353
-3.423946
1.353803
-3.974169
-1.867517
-1.958676
-0.722104
-6.220662
0.025265
-1.890443
-1.459568
1.831201
2.315755
-1.141238
-2.692359
-2.534064
1.517836
-3.353954
1.372022
-0.096935
1.162922
-0.692986
-1.499225
0.236511
1.820024
2.834064
-0.558135
-1.521900
-2.563266
0.540500
2.601969
0.463952
1.689793
4.489596
-1.652680
1.644648
0.330169
4.769709
-1.217486
-0.420270
-1.305080
1.967290
-2.211197
0.167376
3.726789
-2.289400
-3.197561
-2.632119
0.976601
-3.867259
-3.939207
-1.364940
0.969786
0.956899
0.124880
-2.647078
-3.445840
-1.692808
-0.274116
-3.152836
0.771908
0.029302
-1.089870
-1.021616
-1.649681
-2.735207
-1.541856
-1.281917
-0.893753
0.596251
-4.122670
0.561053
-2.130304
-0.130936
0.647426
-1.879953
1.237863
-0.472614
0.478715
-2.422144
2.942515
-0.514072
1.862573
-3.162900
-2.988420
-3.625161
-1.174381
-8.437988
2.515369
2.187954
-2.659405
-1.992979
1.997449
-2.787212
-2.044327
-0.435868
-4.610140
-2.794402
-1.569932
0.045405
-1.663377
-0.212413
0.816235
1.839048
-1.505851
-2.266535
2.716122
-4.746686
2.935731
-1.106043
0.848114
-1.645087
2.665611
2.263149
-3.713128
-1.403899
0.827800
1.006025
-2.656965
1.834060
1.894297
-1.378417
-0.292035
4.322642
-2.882407
-0.805915
-1.843860
-1.991231
-2.521307
-0.293098
-1.049732
-3.012491
-2.155148
0.958540
0.075751
-2.149257
-1.401396
-0.682573
-1.925529
1.941711
-0.994933
-0.299226
1.128072
-3.569179
-0.468206
0.875734
-1.861940
-1.220805
1.013641
-0.055554
-0.570648
0.180926
-1.875023
-3.218614
5.479506
2.681751
-2.205993
0.011241
-1.808865
-1.350608
-1.141040
-7.771514
-2.967617
-1.881755
0.296046
-1.015567
-4.033028
0.082889
-1.463795
-1.258874
-4.149867
-4.266229
4.118818
0.902168
-2.238370
-1.451104
0.228510
0.118950
-0.389232
-4.890342
3.863733
-7.417089
-0.379830
-0.442241
0.588890
0.853056
-0.525449
-2.065928
0.861812
-0.559054
0.306209
-2.007343
-3.764689
0.136392
-1.386462
-1.698808
0.650698
-3.227906
2.206024
0.514527
0.342858
-4.548367
2.642982
-1.902207
-4.625016
-2.686835
0.891043
-1.849816
1.858767
-0.784256
0.663709
0.117900
-4.749652
-0.056986
-3.189953
-5.731694
-2.412256
-0.902897
-9.349895
0.779662
0.010696
2.444464
-3.578228
1.977977
0.703728
-1.466260
-1.952771
-1.962691
-2.214502
-1.331321
-0.814631
1.974685
-3.940591
-2.059246
-0.991238
-1.064143
-2.091668
-3.618070
-5.393287
1.122661
-1.871849
-4.798752
-1.494511
5.345812
-4.402465
-2.598463
0.852587
-3.636386
2.316525
-3.969432
-0.815947
-1.052906
-3.407984
-4.443026
1.037174
-4.294027
-2.186477
-0.350403
2.930692
-0.870596
-1.193546
-0.683920
-3.936916
-0.869162
-3.241318
-0.401952
-0.765187
-0.111017
-9.462686
0.820979
-1.756720
-1.001368
-4.779032
2.197328
-1.000737
-3.659025
2.019958
0.392369
-0.054592
0.682359
-1.172789
-2.470964
-3.028737
2.574424
-0.411444
-2.096338
2.571497
-3.812725
4.511892
-0.006743
-7.788117
-6.264511
-0.869798
-0.100736
-4.130419
0.848124
-1.257421
-1.995525
1.663045
-5.454278
-0.676931
-2.744088
-1.546757
-3.443013
-0.479368
-1.976945
-2.475944
-1.538681
0.468468
-2.546696
-5.934547
-2.929524
-2.735024
-1.123438
-2.767921
-0.847816
1.617436
-1.956544
-1.327660
-2.522245
-0.974727
-0.526996
-0.417503
0.119763
-2.950425
-4.683585
0.206909
-2.204888
-2.890510
-3.273692
-4.361938
-0.902534
0.721243
-3.352350
-5.644636
0.445055
-1.888308
0.020980
-1.199767
-2.628908
-3.235938
-1.659250
-2.763237
0.041635
2.623655
-1.578644
-1.070959
-5.106095
1.915148
0.692542
-4.187255
-0.587422
-2.149015
-1.315585
-2.586357
-0.755942
-1.430519
0.626308
2.290565
-4.041391
-4.541752
-2.420734
-2.490337
1.047170
-2.374982
2.099401
-0.580489
0.060953
-2.908243
-0.460291
-5.300049
-2.596884
-0.040900
-1.964498
-5.713761
-0.902085
-0.886868
-2.628859
-1.200884
-0.301217
-3.853143
-3.601575
-0.795148
-1.439524
0.857152
-2.680617
-0.896302
-2.333935
-1.639707
2.539094
-0.188455
-4.873857
-0.737702
-1.033617
2.295209
-1.305711
0.796950
0.278691
-2.916145
-3.053721
-2.692518
-5.693415
-0.587151
1.932619
-1.924241
-2.137540
-3.811104
-1.083836
-0.298810
-2.319821
-1.771588
-0.273991
-4.293668
-2.450979
-0.293470
-1.644683
-0.391795
-2.565535
-3.382356
1.708121
0.517129
0.906561
-4.135416
2.358056
-2.516062
-1.625674
-0.711243
-2.666696
-1.117335
-0.078050
-0.888584
-0.244152
2.162709
-0.860912
3.224303
0.344543
-4.587746
-2.603520
-1.466333
-0.842967
-1.088665
0.037069
-2.045576
-4.478324
1.368793
-0.178653
1.260150
-2.546457
-1.306534
-1.771705
3.490342
-7.525886
-4.257742
-3.347165
-2.566503
0.829240
-0.786498
-0.104379
-1.785048
-2.500482
-5.174549
-4.179887
0.262898
-3.315500
-0.257536
0.015418
-1.165034
-0.217720
-0.043564
-5.108190
-3.590849
-1.640596
-0.639225
3.613824
-2.166006
-3.668854
-1.812641
1.786493
-1.354425
-1.613908
-1.750240
0.861781
-1.675478
-4.135542
-4.318830
-0.749824
-0.250227
-1.154625
-1.831315
-0.545846
-0.496019
1.572338
-1.241376
3.088623
-3.510076
-4.969435
-4.892066
-0.126189
0.126531
-1.717482
2.987155
0.031972
-4.023760
-1.339199
-1.287748
-4.220135
-1.784922
-3.996221
-2.541952
-2.471447
-3.347088
-4.823423
-3.728243
-1.661300
-0.877025
-3.859032
1.315154
-1.107069
-0.862384
-1.753970
-0.936462
-3.400073
-3.090458
0.356244
0.927183
1.453406
-0.298146
-2.903996
0.098706
-3.184211
3.787385
3.458672
1.560966
3.564945
2.540313
-5.824780
-4.172820
-0.916406
-0.354138
-3.410710
-6.663060
0.646583
0.540521
-2.165234
0.465679
-4.672036
1.552579
1.603301
-0.733989
-4.581499
-3.181835
-1.046108
-4.594750
4.759130
-4.359694
2.108021
2.603805
-2.491837
-2.843750
0.815179
-1.450679
-0.458649
0.138110
-3.006630
0.857878
-5.193448
-0.700425
0.425476
-0.246918
-1.560389
-2.832140
-0.471281
-1.410406
-0.599002
-3.138674
0.313385
-1.085019
-0.473611
-1.610186
1.800724
-0.447708
-1.753586
-4.409762
-1.743592
-4.316654
-0.804049
-2.391123
2.080951
-2.379048
-1.778510
-0.466318
-2.479563
-1.271007
-5.483392
-0.562038
-1.671322
1.897076
-3.102699
-4.773735
0.492193
3.180938
0.884658
-2.470523
1.760038
-2.478232
-1.808067
1.954352
-2.267871
-0.243281
-3.229578
-0.921113
1.101156
-1.131884
-2.674677
-1.660547
-1.000975
-2.460498
1.673714
0.621224
-1.900102
-2.849197
-2.830956
-0.797646
1.141429
1.100908
-3.573100
-0.801393
-3.035291
-1.462345
-2.784124
-6.775425
-1.072575
-1.216866
-3.147804
-2.232939
-3.037033
-3.708614
-2.680337
-0.302563
-1.988499
-1.953229
-4.689382
-1.152709
-1.119525
-0.595395
-2.222279
-5.367452
0.647266
-1.549338
-1.649720
-2.544649
-1.706316
0.908335
-6.133505
1.393513
0.028214
-0.146930
-1.318630
-6.185609
-2.895141
-3.240270
-2.947477
0.645980
0.420722
0.215229
-4.233380
0.778964
-1.813071
-5.757864
-3.969525
-0.084920
-3.003234
0.006825
-0.202920
-0.111169
-1.932996
-3.583718
-0.255019
-0.205760
2.142798
-3.022269
1.756564
4.237020
1.023249
0.420190
-2.965417
-0.887129
0.021215
-1.132962
0.915810
0.765353
0.669604
1.981118
-1.359930
-0.643839
0.822231
-2.626024
2.499120
-2.671864
0.370055
-0.161004
-1.575162
-3.810253
1.141261
-2.071029
-0.190383
0.686431
-1.118731
-0.052572
1.613319
-1.298615
-1.133361
-1.416021
-2.988890
2.277776
1.336028
-2.108546
-0.804337
-3.255963
-1.305397
1.815550
2.095189
-1.845076
-2.194554
0.761500
2.740750
-2.218843
-0.297794
-0.676058
-1.117300
1.488581
-4.831218
1.387032
-3.909922
-2.809246
3.536531
-2.300820
4.534113
-3.905642
-0.404220
-0.705719
-3.988575
2.679049
-2.030722
-5.016205
-2.657170
-1.189827
-3.491412
-1.967669
-2.323390
-3.770449
1.135378
-1.180042
-1.927377
-0.760793
1.039307
-3.287899
-2.160789
0.371570
0.442616
-0.467571
0.307382
-2.729144
-1.319219
-3.592988
-3.140848
-0.236266
-2.524241
-0.190512
-1.172398
-1.550522
-0.841934
0.365835
-1.734061
-2.422940
-4.710168
-0.717354
-0.134472
-1.145388
2.724424
-4.390216
-0.925485
-3.338553
-2.425843
-1.706119
-1.215227
1.014713
-0.574482
1.009458
-6.146450
-1.900315
-3.271284
0.184086
0.920607
-2.677333
-0.164367
0.067676
-1.800856
-0.526085
0.974962
-1.239218
0.884456
-1.005879
-4.060404
0.734207
-1.667025
-2.241402
-2.182319
0.071943
-1.583960
-1.483003
1.161807
-1.518961
-1.052928
0.553732
-0.941574
-2.420076
-4.990457
-4.334317
-3.418797
-2.630815
-1.856868
-3.386668
1.671117
-1.840247
-3.281702
-5.610051
-3.071806
-1.031747
-4.218225
-3.152384
-4.163946
-0.318886
-0.547312
-1.006279
-2.245552
0.322934
-0.485002
-0.130821
-0.409723
-4.653495
-3.892319
-6.053218
-0.973913
-6.196994
1.017664
-1.909117
-0.675477
-3.054681
1.786650
2.991061
0.476927
-3.670668
-0.071424
-1.212334
-2.197968
-0.283319
-1.540849
-3.646988
2.264663
-1.265497
-0.787411
-3.920746
-3.572181
-1.384405
-4.219513
-1.400585
-3.120666
-3.274678
1.406347
-3.193229
-1.405581
-1.798625
2.289252
1.274423
-4.636440
-2.542319
-1.113343
-0.606410
1.158983
-1.945095
0.146225
-9.133242
-4.552395
-1.832532
-3.993824
-7.308823
1.290805
-1.632347
-1.942991
-9.337786
-1.466749
-0.946614
-1.110123
1.263488
1.428531
-3.995153
-0.235220
-2.297411
-1.807257
-3.127891
-0.492706
-4.543416
-1.708167
-2.045604
1.570317
-2.514448
0.535767
-4.727463
-1.031621
-0.974593
-1.815225
-3.006379
2.913181
-5.165052
-0.260046
-1.399294
-0.691299
-1.895316
-1.711323
-3.121697
-4.469273
-5.223715
-5.457255
-2.032123
1.609883
-2.171657
-4.886742
-2.826065
-0.477970
-2.240494
-5.232035
1.912536
-2.595248
-1.545468
-2.741094
-3.091218
1.055279
-0.525198
0.899582
-3.768437
1.667001
-5.292093
-2.819965
0.020977
-1.521067
0.162914
-0.488215
1.257872
-2.555853
0.336207
1.010933
-1.770259
-2.404822
-2.804777
-1.624661
0.144642
-4.235459
-2.288974
-1.492361
-5.196373
0.399205
-4.922589
-1.395136
-3.163561
-1.653066
-1.395769
-1.743313
-2.489251
1.323768
2.402484
-0.850904
0.967020
-1.102514
-1.670573
2.583524
-2.099201
-0.537181
1.209843
-4.201354
1.314501
-3.215884
-2.196212
1.818916
-0.957757
-2.487246
-1.587868
-1.694413
-0.632909
-3.176084
-6.420290
-2.008107
-0.137610
2.946841
-3.714477
2.006301
-2.662948
-0.323420
-5.167493
-1.476626
-1.868721
-4.764780
-4.582048
-3.649369
-0.282847
-0.009048
-0.781844
-1.042917
-0.838569
-3.409253
-3.635088
-4.365382
-0.177222
-4.086802
-1.078577
-4.380781
-0.491945
-0.615660
0.511295
-1.964706
-3.783788
-4.426620
-3.666760
-2.820582
0.137550
-0.353974
-1.577556
0.403693
-1.656753
0.618830
-1.473206
-2.209814
0.552109
-2.786404
-5.560208
-2.772416
-0.703756
-2.707205
0.983543
0.142225
-2.130603
-1.865037
-1.147036
-1.659672
-0.711382
-1.883030
-0.591067
-2.039749
-0.343617
-2.349096
-3.898486
-4.380063
-0.412710
-3.247106
-0.787134
0.138552
-2.379735
-9.525949
1.483097
0.614256
-2.914653
0.589637
-3.005657
-1.673073
-2.153747
1.466121
-6.250557
-2.686174
0.753473
-0.852862
-3.934540
1.876872
-2.968235
-0.411332
-3.262401
-2.014211
-2.712626
-0.707782
-4.893744
2.583842
0.840839
-5.484643
-4.727924
-1.322528
-0.948007
-1.163269
-1.061991
0.928970
-0.269368
-1.286601
-2.478891
-0.017763
-1.911595
-0.007580
-5.699571
-6.080698
-4.528882
-5.922489
-0.541498
-0.932214
-0.170193
-0.358881
-1.609469
-0.235822
1.425593
-1.638662
-2.448624
1.608843
-0.071491
-2.582576
-0.642271
-1.856146
3.204545
-1.817963
-2.891870
-0.814862
-0.624261
1.962653
0.074842
-2.481988
-1.167117
-1.074374
-1.093682
0.261250
-3.000614
-0.630474
-4.243152
-2.846347
-2.945636
-5.667152
2.711677
-2.016461
-0.880030
-0.645878
-1.479817
-1.453489
-0.642268
-0.766017
-0.536968
1.201477
-2.048505
-9.669061
-0.105062
-2.441735
-0.538538
2.844305
-0.994860
1.527188
-3.638597
-4.596126
-1.954298
-2.599375
0.491175
-7.479779
-0.333324
-1.978472
-2.172950
0.482086
1.274698
-7.827451
0.736343
-1.023126
0.571252
-0.272613
-0.647458
-0.633677
-1.986348
0.180668
-5.775191
-3.829920
0.868988
1.671311
-0.320837
-1.714824
-4.078660
1.947620
-3.325831
-0.836270
-1.576728
-1.248087
-5.359994
-0.168325
-2.604107
-2.227963
-0.907116
-2.406964
-2.102665
-2.507677
-3.703650
-1.490430
-6.514408
0.656884
-5.391403
-4.350537
-1.349896
1.215777
-3.898790
-1.541728
-1.173695
0.332237
-3.061683
1.064425
2.330931
-4.117255
-0.812557
-1.297276
-7.735826
-1.531905
1.904743
-4.821191
-5.438079
-0.745724
-0.361850
-0.952503
-1.465372
-0.887987
-3.087934
-1.869342
-2.997783
-1.791860
-1.809871
-2.912385
-1.818519
-3.389088
-2.922652
-3.124128
-3.778904
0.799044
0.858014
-0.266896
2.263503
-1.258103
-1.739840
-1.446701
-0.934218
-2.341413
0.199583
0.512425
-0.577405
-1.402540
2.364799
-1.171041
-0.522699
-0.712511
1.068144
-2.414219
-2.699926
-1.424229
1.085110
-2.223671
-4.001350
-3.282996
0.521694
-0.812343
2.343519
-1.144245
-0.688239
1.272570
0.196948
-1.768820
-3.490642
-0.533230
-1.068421
-2.633749
-0.476540
0.134525
-2.356148
0.402802
0.684385
-0.393828
-2.317007
-0.161155
-0.246717
-2.848515
-1.232569
1.881237
-8.457904
-5.043593
-3.990866
-1.969535
-2.626639
-3.895750
-1.062768
-0.680718
-2.129837
0.240659
-4.842011
-0.742463
-6.670368
-0.695292
-1.902915
1.315166
-0.738800
2.781740
-1.061914
1.013581
-3.938720
-4.159653
-0.466515
-0.362239
-4.395168
2.689593
-1.673115
0.245588
-3.755727
-1.399243
2.594982
0.930028
0.729396
-3.429625
0.246553
-1.790050
-5.693580
-1.710016
2.051089
-3.444817
-1.819791
-5.196691
-1.270466
-3.563394
-1.399405
-2.486967
-2.727151
-1.560784
3.457567
1.620091
-1.668166
-4.359240
0.718628
0.737214
-4.561368
-0.418066
-0.567690
0.667105
2.156928
-3.572599
0.604270
-0.822888
-2.914345
-0.607492
0.275476
-6.485390
-4.159347
-5.537252
-1.171149
-1.562411
2.038200
-1.426712
-7.427424
-3.639013
0.403993
-1.887549
-0.537587
-0.782088
-2.930191
0.480628
-8.553654
-0.646000
1.548689
-2.276557
-0.299720
0.641075
-2.434489
-3.112342
-3.496064
-4.119755
-1.082454
-1.748568
-1.654455
0.576985
-5.583792
-1.046343
-0.876858
-2.817884
-0.433893
-3.744818
-1.957427
2.692442
-8.443070
0.342825
0.981176
-2.273103
-1.973620
-2.139754
0.206315
-1.060369
0.106976
-5.468321
-1.120406
-0.815445
3.307448
-3.305755
1.105809
-0.717685
-6.176882
-2.657116
-3.123389
-2.331576
-5.069391
-1.068079
0.292305
-8.142010
-2.860424
-5.113724
-5.301647
-2.560341
-7.339456
-2.002335
-4.174632
-1.037756
-0.138154
-5.232402
-0.208209
-1.851418
-2.021597
4.942944
0.203329
-2.355088
-3.788272
-1.876676
0.205236
-2.337200
-2.627180
-1.092100
-1.590006
-2.693109
-0.162356
-1.412634
-0.292938
-0.963009
1.148677
-2.294707
-0.584291
-0.298772
-1.707163
3.404938
3.068732
-1.582832
-0.119218
0.846763
-1.924138
-1.946031
2.557005
-1.971498
-5.352578
0.486640
-2.962198
0.670299
-3.639221
-0.526301
-3.332626
-1.317408
-2.246821
-1.573625
-0.679695
-2.295365
-3.260554
0.385618
-3.538660
-5.956246
-1.803447
-1.636053
3.077652
-3.653358
-1.264760
-2.589286
-4.929014
-0.515528
-2.356528
-2.654502
1.567127
-4.172849
-6.309518
-2.126853
-3.547728
-2.850854
-0.611264
-7.181809
-1.759507
-2.453238
1.844680
-2.113586
-0.161327
1.907363
1.594439
-0.845548
0.800004
-1.933852
4.629411
-2.000659
-1.648464
-7.377636
-2.415533
1.324032
-1.170533
0.799849
-2.096061
-1.668009
-1.729138
-2.411955
-1.387062
-2.790916
0.424188
-2.385643
-2.406500
-3.810538
0.919947
-1.690314
-1.714906
-4.100985
0.370157
0.664232
-4.704571
2.502374
1.931406
-6.697804
-1.092294
-2.379393
-6.409386
-0.390286
-1.088431
-3.998135
3.833925
-0.645595
-1.646975
-2.135777
1.916926
-0.988962
-0.611862
-2.712944
-1.962760
0.296514
-2.956373
-3.090899
-1.750121
0.587943
-0.526754
-2.248206
-3.103134
-2.081028
-3.462182
-3.513604
-4.491639
-1.776491
-3.675505
-7.914268
0.350465
-3.358500
-1.144918
-2.238766
-0.239307
-1.851932
2.354483
0.563880
-6.606715
-1.987986
-0.164887
-1.399021
-2.002402
-1.925249
-0.781115
-3.814125
-9.356004
-5.907493
1.457247
-0.968474
-1.058394
-2.999652
-2.188387
-0.915880
-0.511414
-1.731884
2.014572
-1.610194
-2.793349
-2.383505
-3.928385
-2.147702
0.140551
-3.600779
-5.727584
-1.587445
-1.745739
-2.979391
-5.571301
0.159080
-2.763738
-3.998590
-2.703901
-3.156066
-0.725968
0.790426
-4.779895
0.564158
-4.186569
-2.577958
-4.075534
-2.819773
0.577039
-1.161350
-2.518332
3.296643
-1.258223
-6.677461
-0.789156
-3.797506
-0.299368
-3.997625
-3.789450
-2.623018
-3.240698
-0.769491
2.132762
-9.684238
0.749918
1.174291
-1.677977
0.068314
-4.197185
-2.204769
-0.100364
-2.739885
-3.282837
-4.298837
-8.358686
-4.321856
-1.638292
-2.197407
1.318812
1.958845
0.312575
-1.055249
-3.491836
-1.715834
-1.158991
-1.557370
-0.207316
-0.140761
1.159677
1.723515
-0.888154
-2.695079
-6.612821
0.043043
-8.382839
-4.850141
-1.300931
-3.472181
-7.518150
-1.141333
-0.467377
-0.455919
-1.800256
-3.754500
0.160046
-4.904824
-1.086014
-4.290399
-3.103011
-3.454819
-2.442683
-4.117467
-5.321951
-1.853357
-1.006290
0.747043
-1.314032
-3.248148
-1.887494
-2.487969
-4.505367
-1.603892
-2.583654
-5.798959
-0.723046
-5.900951
-0.887999
-2.093544
-1.688886
-1.244896
-2.356371
0.180618
-6.656534
1.609856
-0.505464
-4.570617
1.987739
-1.770614
0.120591
-4.541184
-0.593924
-0.533209
-3.482115
-0.021260
-3.193108
-1.851500
0.636142
-0.127618
-3.567949
-0.795545
-2.562163
-1.196729
-1.758989
-2.394042
-3.835230
0.324084
-2.270814
-2.310779
-4.686524
-2.120418
-1.485940
-1.505529
-1.177311
-0.786048
-1.963043
-1.616402
-1.857656
-3.372297
1.921769
-1.977875
-1.175743
-1.593383
-1.573091
-2.276577
-4.768184
0.591177
-1.143661
-1.041956
-1.441402
-3.887136
-3.426793
-0.657983
2.187942
-4.548067
-1.345337
-5.006351
-3.787230
-0.188913
-1.036114
0.193005
0.073252
-0.431061
-1.021189
-0.586559
-0.430003
-4.503222
-2.449295
-1.424067
-4.065193
-7.378458
-2.966379
-3.651959
0.990274
2.394137
-0.873598
-2.133240
-4.196459
-3.051910
-2.252916
-3.784691
-2.064402
-6.256008
-6.027192
-2.824163
-5.415392
0.752790
-1.823109
-3.693467
-3.516179
-1.640560
-3.246403
-1.811260
2.293396
-8.826923
1.109555
-0.760374
-2.775377
-0.390694
-4.166955
2.449728
-2.597716
-0.603413
2.574482
-0.424791
-1.254544
0.143121
-0.944405
1.221146
1.369157
-1.262949
-0.403321
-1.403926
-2.592115
-2.182516
0.633603
-2.371123
-2.117508
-4.119295
-0.715588
-1.624551
-4.593659
-4.156607
-3.029001
-2.264172
-3.446357
-0.715336
-3.221237
-6.433972
-2.167054
1.042248
-7.112471
-4.463938
-3.925562
-2.385475
-3.983625
-1.425828
-2.584343
0.331156
-0.280592
-4.205737
-2.099335
-2.236675
-0.837146
-2.129698
-2.331606
1.208847
-2.592731
-1.128055
1.208715
-1.183410
-1.011052
-0.849158
-7.458433
-6.769441
-5.217592
-4.358070
1.192662
-0.915141
0.155649
0.748263
-3.425699
-2.994314
0.439693
-5.914616
-4.098188
1.593604
-4.813981
-1.923861
-2.810458
-2.481955
-1.328869
0.426160
-3.274911
-8.874850
-3.374185
1.041926
2.025610
-1.680312
-2.084717
-2.004807
-0.293573
-1.678783
-0.480622
0.309375
-1.807560
-0.077115
0.336408
-0.903055
0.935439
-7.176690
-3.279476
-1.869140
0.073966
-1.739823
1.192789
-1.381971
-2.098163
-2.895368
1.628463
0.831265
-7.599515
-5.641650
-3.050117
-3.411350
-1.001650
1.914723
-8.208306
0.660528
-3.352957
-0.833276
-2.808046
2.321803
-3.874051
1.333083
-2.813259
-3.197017
-5.077244
-0.261669
-0.338697
0.576615
-1.736825
-1.473402
-3.746259
-3.998989
-7.849037
-0.579997
1.023732
-1.636193
-1.155082
-0.680523
-3.441674
-0.193467
-1.400432
-1.793199
-0.985615
-0.671765
1.692285
-0.157477
-1.260657
-1.353047
-3.798676
-4.256795
-0.505697
-5.232705
-3.977898
-4.154457
-2.114472
-5.818300
-2.162879
-5.218804
-2.288556
-6.371740
-3.098146
-2.124841
-5.161793
-6.964310
-2.476344
0.285759
-1.448703
-4.286208
0.379350
-2.675633
2.846770
-6.227703
-1.171546
-1.641191
-1.088025
-1.673775
-3.961032
-1.295019
-1.849459
-0.247697
-1.984202
-3.809044
-5.989173
-4.691171
-4.475909
-0.137931
-3.358523
-5.161027
-3.855013
-3.598359
-3.467236
-4.679768
-2.758774
1.638730
-0.518101
-1.743380
-0.126630
-1.406224
-1.745695
-0.886011
-3.595870
-2.200280
-3.671946
0.423313
1.852743
-2.601603
-3.069102
-4.320863
-1.366376
-4.799318
-2.002281
0.931249
-1.222470
-4.772476
0.291716
0.407061
-2.080663
-0.188085
-2.716223
-4.272372
-1.952428
-0.421859
-2.004393
-0.414846
-3.622026
-1.415749
-2.289102
-4.492205
-5.269803
-1.463812
-2.760747
-4.844094
1.478881
-1.031680
-3.124161
-2.309011
-1.590580
-0.349184
-1.407173
-6.037769
-0.191031
0.448594
-1.323900
1.270803
-2.124339
-2.832283
0.699428
-0.114607
-2.514958
-0.415329
2.364119
-2.070969
-5.398706
1.387236
-4.087758
-3.711187
-1.619831
-7.826610
-4.362208
-5.109651
-3.218879
0.906801
-7.843435
0.895706
-1.878225
-3.057720
2.717560
-0.109921
-2.221169
-1.370391
0.050634
-5.427040
0.221210
1.363759
-1.922922
-0.002777
-2.065285
-4.220414
-1.873252
-1.087697
-0.074253
-1.367026
-0.209257
-1.878322
-0.953434
1.119028
-0.377063
-1.121478
-3.049608
0.345556
-4.459329
-7.288207
-1.245674
-6.079407
-0.768623
-2.155070
-3.849710
-3.222261
-2.280520
-0.943794
-4.933255
-1.029659
-3.815155
-2.305239
-1.129256
-0.633844
-0.529680
-1.105363
-4.838640
-1.661227
-2.342420
-4.146350
-4.078578
-1.582605
-1.089592
-1.156087
-3.393881
-0.963720
-0.707901
-3.985550
-2.043943
-4.595675
-5.981914
-2.950305
2.444521
-0.053180
1.246865
-3.481886
1.560570
-2.619294
1.813650
-3.799740
-8.504121
-8.673963
-0.451123
-3.805031
0.519623
-2.891642
-0.329172
-2.351505
0.598616
-4.410981
-0.355308
0.091281
-5.626166
-0.303727
-2.248827
-1.061074
-2.284752
-3.658679
-3.724397
-5.890785
-1.959948
0.653009
-4.205538
0.220674
-2.226077
-6.089707
-1.143032
-1.662921
-3.566232
-2.471551
-4.084342
-2.332598
-2.281462
-2.980600
-0.343690
-6.914957
-0.359445
-2.430347
-0.754284
-1.359470
0.020664
-2.342214
-1.283762
0.322360
0.736829
-0.371606
-6.934311
-0.167676
0.541688
0.872002
-2.106095
-0.611128
0.967638
-0.356630
-2.334212
3.880002
-4.496838
-4.822143
-3.525887
1.353456
-2.718113
-0.837821
-2.235672
-0.180112
-4.949360
-1.642484
1.018793
-1.905611
-0.479520
-2.012177
-3.351178
1.241745
1.245659
-1.229216
-1.284852
-2.595846
0.550271
1.115658
-1.643063
-1.852936
-4.385166
-0.884617
-2.714398
-2.498333
-1.508855
-0.981291
-1.595435
2.456870
-5.960273
-2.656865
-3.341613
0.370548
0.107619
-3.367133
0.782423
0.200214
-7.265683
-1.419078
0.214013
-2.600427
-1.193410
-5.066180
-3.882909
-5.128753
-2.917286
-1.664482
-6.622349
-2.165114
-0.138457
-5.081491
-0.045874
-2.507193
-2.517500
-8.129680
-2.714040
-7.520018
-3.017371
-2.997607
-7.571443
0.765728
-1.304953
-1.248384
-2.273395
0.583075
-5.244786
-5.539306
1.435174
0.024112
-6.321697
-1.535123
-0.173474
0.262765
-3.684314
-7.667294
-2.354918
-0.971432
-3.953880
-3.970952
-2.039243
-2.117656
-6.892717
-8.714901
-0.666817
-1.908699
-3.287454
-0.269889
-8.569988
-3.060814
1.443799
-0.648640
-1.353897
-1.782935
-6.888594
-0.410216
-3.380060
-1.981486
-1.376269
-1.153424
-2.566974
-0.933915
-3.239160
-2.770188
-4.399216
0.621024
-4.551926
-3.883536
-1.801723
1.328604
-0.034625
-1.615599
-2.278907
-3.715174
0.112315
-6.795265
1.211803
-2.737129
-5.766912
-4.582954
-8.628998
-5.978676
0.167592
0.136244
-0.781483
-4.538157
-0.585789
-2.098091
-5.091679
-0.330737
-4.234143
-1.232542
-2.618666
2.166084
-1.923058
-7.016709
-6.214045
0.368031
-5.336830
0.634222
-1.386851
-3.045206
-0.999844
-3.224484
-2.466915
-5.882687
1.817168
-2.666378
-2.525786
-1.109918
-1.276258
0.241453
-2.294022
-5.894345
-3.924416
-2.122261
-0.574321
-4.799809
-1.897076
-5.076480
-0.463350
-1.603996
-1.128869
-2.104172
-0.380707
-2.748508
-2.291826
-2.765358
-0.718466
-5.216067
-2.959367
-1.066880
-4.441330
-0.863869
-2.835110
-2.166263
-1.941418
-2.879122
-5.504216
-6.029373
-2.256767
-4.865474
-2.557412
-1.152733
0.008764
-3.186312
-1.368716
-2.086293
-2.318951
0.679273
-1.377052
-1.300689
-0.500068
-3.194325
-0.040012
-0.652372
-1.706912
0.378525
0.278343
-1.134721
0.312925
-1.898861
-2.669109
-0.749007
-0.867497
-2.868095
0.306384
-2.267398
0.341407
-4.481200
-4.316700
-2.730843
1.489919
-2.727793
-1.262198
-0.575970
-0.074773
-0.623164
-1.821096
1.513295
-1.796595
0.463884
-1.967708
-5.831618
-2.734431
-0.079127
0.441824
-0.191955
-2.177359
-3.112029
-2.186021
-2.114460
-2.962357
-1.715045
-0.605294
0.067864
-3.601922
2.611391
2.987000
0.210029
-9.562250
-3.623040
-0.315990
-2.089906
-1.961291
0.988752
-4.439449
-4.830889
-1.598104
-8.459364
2.716449
0.318434
-5.225277
1.827380
0.288983
-0.327873
-0.504742
-3.262001
-2.922674
-0.707316
-0.713343
-3.406108
-1.814166
-3.830541
-2.584441
-1.207460
-6.593774
-0.186857
-3.865814
-1.811713
1.168844
0.263632
-3.579778
-0.884618
-7.412579
-2.901014
0.482330
1.586810
-2.462739
-2.969294
0.347136
-0.165486
-2.635383
-0.964061
-3.733987
-1.560905
-3.142954
-3.560493
-4.223760
-0.988437
-4.555536
-0.168250
-1.001784
-2.705774
-7.865292
-4.960535
-3.343434
-4.542868
-1.751891
-3.559600
1.837411
-0.933663
-2.521663
-0.481046
-1.407404
-2.470518
-2.021295
-2.523154
-0.626391
-6.384002
-3.536674
0.540458
-1.127744
-2.335447
-2.318866
-1.817195
0.988337
0.044905
-2.638428
-1.057078
-4.126373
-5.737494
0.408191
-4.482121
1.217084
0.191669
1.036065
-4.514598
-2.063306
-5.556968
-2.614303
-1.356743
-3.447119
-6.073045
-1.107793
-0.215727
-1.756802
-1.316634
-1.549072
1.726709
0.904123
-3.150433
-2.656920
-4.328408
-5.811507
-3.470597
-2.714481
0.686725
-0.954047
-4.778318
-0.685027
-4.932405
0.564104
-5.708654
-7.979104
-3.021422
-3.637830
-3.254063
-1.629339
-1.831380
-1.134245
-4.213011
-2.550947
-5.183994
-3.544585
-1.788450
-5.223003
-1.393179
-4.234314
-0.818000
-2.267785
0.474680
-0.865499
1.034599
-2.198032
-1.029856
2.570982
-1.943414
-4.164690
-0.058303
-3.544449
-2.750783
-1.746563
-2.468197
0.867456
-3.198413
-2.866209
-2.177819
-1.057216
-5.329487
-4.210326
-1.175554
-3.636980
-3.265662
-2.351749
-3.487354
-3.384958
-2.755095
-0.781319
-3.566247
0.545599
-2.060352
-3.528472
3.161632
-2.297454
-3.020203
-4.860940
-2.442619
-0.225691
0.582910
-3.408130
-1.349295
-0.087797
-1.061563
-3.002167
-2.154561
-2.883050
-4.597548
3.923670
-2.020940
1.196638
-0.188531
-1.306721
-0.828559
-1.819113
-2.333438
-2.487523
-6.002781
-1.653582
-5.121553
-1.299581
-4.374708
0.494594
-0.888647
-1.952194
-8.193385
0.649078
-0.235694
1.278233
-3.483386
-7.007706
-4.018707
-5.443300
0.687656
-2.540674
-1.120923
-4.898717
-0.282222
-1.720514
0.452307
-4.500488
-4.994196
-1.690734
-1.604990
-0.673038
-2.051987
-4.125210
-1.551693
-5.559124
1.321487
-4.757210
0.199170
-3.873242
-4.834323
-5.809901
1.987104
-9.590654
0.425801
-0.068035
-1.262068
-5.339522
-0.320743
-1.074394
2.441111
0.644572
-5.545018
0.076410
-1.365257
-1.526419
-3.210976
-1.334270
-1.920476
-1.616091
-5.356941
0.690316
-2.215975
-2.876344
-4.750597
0.437609
0.120951
-7.061559
-3.812004
-1.570720
-0.677406
-0.951676
-0.627324
-3.172283
-5.226157
0.946495
-1.821776
-2.679310
-0.264842
-5.489515
-1.285682
1.710158
-4.194172
-0.205579
-0.699193
-0.357860
-4.366285
-2.698633
-2.071193
-2.369708
-3.760443
-0.424455
-4.823336
-1.556301
-0.682967
0.367743
-8.392047
-0.800699
-1.856209
0.529295
-4.405169
-2.049070
1.811298
-3.143665
-1.177923
-4.629309
-5.239414
-2.222250
-3.441537
-3.346123
1.494543
-5.527996
0.258343
-4.214208
-3.647856
-5.380074
-2.058255
-7.015477
-6.349871
-1.130375
-6.970330
-3.938054
-0.722888
-1.715822
-5.030166
-1.226269
-3.012604
-3.630248
-2.702631
-2.588151
-8.586435
0.077227
-0.806922
-4.650384
-4.220947
-0.822530
-2.379388
-2.763351
-3.878817
-1.035787
1.653080
-2.638901
0.815444
-1.822206
-5.634026
0.424594
-3.194179
2.981477
-0.705900
-4.025625
-1.965465
-2.857573
0.446139
-4.917350
-6.779328
-5.433488
-1.635290
-2.411860
-1.690326
-4.781986
-4.628211
-1.155397
-2.633608
-5.958358
-2.590742
-3.444584
-6.565852
2.121686
-2.579906
-1.748433
1.410342
-3.727982
-2.033230
-3.043048
-9.643200
-3.380853
-4.845096
-2.854633
-5.387549
-3.121219
1.028349
-3.178399
-1.850330
-2.489445
-1.325638
-1.376446
0.546769
-1.802662
0.204430
-5.659566
-0.154857
2.139412
-3.339622
-2.624744
0.602671
-0.329204
-4.098774
-3.428804
-0.248775
-1.840325
-1.336102
-0.606165
-5.962366
-1.521417
-2.350639
-0.467705
-1.785284
-0.832497
-1.292471
-0.140685
-3.771847
-0.359092
-3.122491
-1.438335
-0.220984
2.205305
-1.358062
-0.955973
-4.806200
-7.514312
-0.448533
-6.635964
-1.043106
0.796035
-7.373549
-5.132807
-8.717921
-1.982642
-3.411884
-0.910306
-8.904621
-3.710909
0.245853
-2.945960
-1.274798
-1.172801
-1.759460
0.819269
-5.249943
2.484085
0.910599
-3.807213
-0.736463
1.283567
-2.811522
-0.635412
-1.622282
-0.049586
-3.557156
-2.773316
-3.325418
-2.184615
-1.328682
-6.183044
0.981051
-5.184516
-0.349452
-4.179875
-1.692131
-2.685699
1.729768
-1.511678
-3.540461
-4.180377
-5.550837
-3.689194
-2.505446
-1.009094
-1.579358
-2.173502
-2.473645
-3.642982
-2.697647
-1.909030
-6.189179
-9.113795
-2.592676
-2.774501
-3.461792
-1.798638
-3.521389
-5.811774
0.463872
-3.136335
0.287217
-3.420794
-1.121798
-7.379933
-2.710718
-2.771621
-7.833012
-2.070428
-3.936722
1.316051
-1.985872
-1.343622
-5.434291
-9.376534
-4.961847
-3.296367
-0.217048
-1.497083
-2.274044
-4.616170
-0.187443
-3.982079
-2.178444
-0.375416
-1.380997
-4.564264
-2.645605
1.208233
-5.653944
-0.914453
-0.370799
-2.111481
0.467477
-1.168285
-2.139210
-2.467068
-5.499282
-3.980159
-1.671888
0.016542
0.415313
-0.570618
-3.442626
-2.675017
1.121404
-0.257496
0.103022
-2.219087
-0.499362
-6.210596
-4.139543
-4.406911
-6.241043
-3.565825
0.901253
-0.675664
1.231281
-0.211985
0.435858
-4.793862
-2.505854
-3.560770
-3.077914
-1.210682
-5.679057
-6.133530
-0.018935
-0.986635
-2.330202
-3.021689
1.485455
-2.149848
-4.804844
1.609303
-4.079852
-3.605255
-1.291924
1.486333
-2.584779
-4.022808
0.973518
1.260544
-7.416903
1.017579
-9.256325
-0.202815
-2.234637
-2.488214
-2.386351
-1.460324
-0.142263
-0.366352
2.511072
-2.528478
1.984426
-6.056810
1.014532
-2.295616
-3.183481
-2.846390
-4.145948
-1.867722
0.194890
-2.150220
2.789987
-4.884800
-7.349288
0.203573
-5.233709
0.961348
-3.398756
-4.380357
-4.294133
0.370744
1.377526
-4.121754
0.038250
-0.870210
0.092605
-5.171816
-0.654278
-8.503324
-2.341296
-1.306525
-0.394161
-1.442294
-5.646664
0.459441
0.734077
-2.871410
0.886219
-1.460285
-0.770766
0.415167
-2.434333
-4.007963
-3.708313
-1.653408
-3.544508
-1.988783
-0.450310
-6.341945
-0.264797
-5.239302
-3.790252
-2.105083
-6.021031
-5.609393
-1.168007
-3.921363
-2.558152
-3.837542
-3.148458
1.221656
-0.633254
-6.248639
1.775158
-4.861406
-4.684161
-4.070982
-2.891352
-2.179629
-2.089266
-2.309052
-2.309559
-3.888333
-1.612996
-0.792660
-1.494161
1.369230
-1.130439
-4.022214
0.806241
-4.980115
-6.642166
-4.481618
-0.446738
-2.304527
-3.891638
-2.285333
-8.122065
-1.544703
-2.306617
-3.746105
-3.812562
-0.385288
-3.972134
-2.310905
0.070078
-0.875958
2.426524
-2.916552
0.888901
-0.588256
-0.724672
-4.567052
-0.634051
-1.284879
-2.788428
1.251703
-3.828266
-7.052614
-5.456747
-5.774947
-4.736444
-3.457849
-3.598850
-5.091290
-1.221129
-6.125714
-4.391671
-2.199724
-0.896986
1.622784
-0.552872
-2.430106
-0.107757
-1.291595
-5.068894
-3.097907
0.009862
-5.206127
1.150177
-6.053969
-0.269780
-2.654098
-0.472529
-2.613515
-2.259331
1.580826
-4.889052
-0.530377
1.073562
0.790356
-7.951141
-3.161679
-4.978114
0.530615
-0.085359
-2.927509
-6.325897
-1.836930
0.524166
-4.113408
-7.369583
-6.052836
-0.886668
0.543582
-3.073351
0.684980
-0.768863
-5.602208
-0.021221
1.220227
-6.132582
-2.839672
-1.111029
-2.704346
-1.192789
-3.932047
-5.064435
0.362934
0.569690
-2.423947
-1.254095
-1.829808
1.879485
-3.790717
-3.859823
-2.336523
-2.779742
-8.076859
-1.774420
-2.392507
-3.146635
-1.003500
-2.655661
-5.664652
-0.932804
-1.241782
-1.280875
0.325778
-7.667306
-3.957509
-2.622496
-0.865820
-4.528398
-2.006954
2.665367
0.452626
0.898581
-3.256778
-0.503235
-4.255546
-1.343504
-1.189094
-3.725362
-1.935795
-4.311440
-6.112416
-5.255524
-3.854898
-1.545027
-2.748248
-2.704036
0.723627
-2.970972
0.204777
-1.263640
-0.808156
-3.381986
-2.798609
-3.172128
-6.610397
1.761496
-0.990693
1.096598
1.017468
-6.126142
-3.245282
-2.019781
0.334502
-3.282235
-3.671176
-2.860632
0.903389
-1.802959
-0.975797
-4.320138
-2.067211
-0.492078
-1.814646
0.503828
-7.607792
-1.713089
-3.544850
-6.298953
0.338677
-1.807041
-5.195043
-0.879361
-0.570910
-1.579504
-2.326104
-3.774068
-1.312276
-8.344329
-2.203603
-7.319179
-1.563275
-7.775906
-3.584191
-2.942940
1.318441
0.516459
-1.105650
-4.646521
-2.930758
-0.346683
-2.794059
-8.744039
-3.418079
-3.286369
-2.419812
-1.005764
0.813801
-4.301363
-3.657374
-0.928849
-2.438965
-1.007427
-0.346985
-1.662284
-3.136304
4.484526
-1.022107
0.951651
-1.915927
0.363773
-6.300649
-0.915211
-3.721660
-7.766400
0.382191
-2.240975
-5.453388
0.412901
-3.626359
0.071914
-2.734659
-1.460484
-1.241314
-0.644375
-2.933831
-2.403430
-0.927630
-1.789823
-2.119094
-0.008297
0.324594
-8.516759
-0.562077
-4.902175
2.224675
-5.150968
-1.343346
-2.420644
-5.496979
-1.086391
-2.694957
-3.364361
-2.581897
-3.090160
-4.295875
-4.903642
-7.516232
0.966195
-4.225649
-0.323029
0.106763
-0.765144
-2.444984
-4.088794
-2.297622
-1.539920
-0.951208
-5.624119
-0.740196
-3.823712
-0.985440
-0.957729
-6.045571
-4.070491
-4.410999
-4.249664
-4.166131
-2.950155
0.062465
-1.895098
-3.769348
-8.339181
-1.094223
-3.070177
-9.203388
0.023047
-0.962324
-1.435020
-0.138463
-0.436564
-7.239482
-2.879041
0.001795
-0.457485
0.339982
-0.096068
-7.079406
-1.116414
0.414164
2.075851
-3.602056
-0.331561
-4.977304
-0.790393
-5.007549
0.463343
-1.642260
-2.888674
-1.047069
-7.063796
-3.886945
-1.630497
-6.543058
0.290414
0.105339
-0.977319
0.639686
-3.169549
-0.044522
-1.101346
-2.042251
-2.728598
-5.767523
-8.480692
-6.102875
-7.551301
-4.231163
-0.069160
-5.155745
-0.296774
0.470274
-0.280741
-3.764611
-6.936950
-0.316724
-1.128821
-3.704877
-3.232054
-0.669281
-3.095217
-1.771666
-1.316307
-3.482874
-3.154466
0.808952
-8.414421
-3.789973
-1.836062
-1.019850
-1.492462
-0.307705
0.819888
-1.160387
-6.266784
0.914401
0.139668
0.677418
-5.566673
-2.104025
-0.843397
-5.589590
0.501350
3.294562
-1.621621
-5.696685
-3.510734
0.560863
-2.353430
-7.086415
-1.739082
-4.948253
-0.427440
-1.687150
-5.943539
-1.347693
-5.668445
0.143025
-0.291528
-2.842048
-2.097590
1.310971
-2.255907
-2.942535
-1.033677
-7.135852
-6.867829
-1.497980
-2.883814
-1.635171
-4.053607
-2.001957
-1.026006
-5.915026
-2.626012
-2.298615
-9.455312
-0.613396
0.613997
-4.082220
-2.931068
-0.120192
-0.741363
-6.609294
-1.172989
-0.770486
-1.699985
0.719114
-3.161907
-5.387974
1.382037
-6.034221
-6.586305
-4.853677
-1.709371
-7.626354
-5.982861
-1.474401
-3.797075
-4.698647
-6.206266
-4.815894
-6.057492
-1.257510
0.328381
-2.633054
-4.232069
-4.170379
-3.446683
-0.812248
-1.217536
-1.529467
-2.003914
-1.843707
-7.405265
0.828952
-2.218166
-1.449347
-5.040122
-0.996306
-0.807728
-7.898751
-7.992328
-6.665444
-0.052121
-1.626589
-2.196901
-2.448493
-1.405733
-0.871511
-2.508300
-3.874704
-3.024607
1.112481
2.424732
-2.949291
-1.784328
-1.049731
-2.313322
-8.322842
-0.789739
2.076671
-3.647597
-5.909327
-0.795314
-1.636759
-1.500446
-4.376470
-6.902043
-2.226017
0.858766
0.054826
-3.931475
-3.313262
-0.970670
-1.216971
-0.329377
2.158856
-0.832655
1.460136
-1.122640
-2.269244
0.721387
0.458557
-3.241866
-1.720086
-1.925657
-4.161355
-1.644616
-0.602928
-1.094858
0.650402
-1.699731
0.636573
1.701571
-6.625383
-3.139637
-2.504134
-1.178442
-4.589718
-1.149171
-1.340219
4.740311
2.419115
-3.895334
-1.404927
0.512558
0.281118
2.757533
1.626507
-2.348308
1.154914
-6.372613
-1.942551
3.124694
2.232709
0.674837
-1.737510
-1.530246
-1.676833
-5.346518
-4.695179
-0.715516
-2.742404
-0.595955
-0.552915
-3.689682
-2.922487
-3.900023
-7.524102
-4.604941
-0.784280
-3.201141
-5.171715
-6.524822
-0.124755
0.126428
-3.432991
2.123546
-1.522529
-6.024510
-1.224425
3.561641
-6.123106
-6.990997
-3.392018
0.010786
-3.586781
-0.357413
1.600672
-0.476200
-3.442155
-2.216958
-3.504776
-5.651509
-0.984185
-1.891096
-0.665987
-4.476569
-2.390614
-1.719548
-4.903104
0.045415
-1.791226
-3.011063
-6.249082
2.487950
-3.964109
-0.813849
-2.949777
2.202602
-2.420261
-2.411087
-3.171619
-2.893037
-4.123894
1.767010
-2.460827
-2.615713
-0.599002
-2.216346
-1.080007
-6.724977
-6.431119
-0.205425
-7.603119
-3.586263
-1.191841
-3.028200
1.416122
-7.937475
-2.620196
-6.076092
-8.229882
0.829223
0.112934
-2.947800
-2.851148
-2.419904
-9.355262
-2.925067
-2.827917
-1.910827
-0.906947
-1.027506
-2.714228
-6.789215
-0.666842
-0.279899
-0.248285
-4.771096
2.688943
-0.244243
-1.778004
-5.339599
-2.802829
-0.931175
-1.073513
-4.341306
-0.649132
4.110061
-4.668009
-0.955693
-4.030261
-0.025674
-1.758897
-0.504237
-0.932803
-0.046665
-4.812491
-4.949127
-2.369151
4.075070
-4.199319
-6.978927
2.815690
-4.644970
0.157236
-6.331766
-2.378233
-0.965687
-0.410531
-3.607938
-0.144662
-2.529672
-2.130936
-1.141359
0.831496
-5.288266
-6.504452
-3.135467
-2.290948
-0.401026
-0.362712
-1.212160
-3.846389
-3.354271
-2.230667
-2.410832
-1.407260
-1.231448
-1.276462
-2.241153
0.969671
-1.565985
-1.131860
1.250416
0.513186
-1.688514
-1.402057
0.484588
-1.606010
0.400268
-4.278052
-5.297918
-5.281962
-4.937228
-1.283998
-0.747398
0.876339
0.421997
-6.429716
-3.782847
0.136048
-4.730634
-0.010823
-1.856199
-0.090781
-0.069836
-1.292173
-2.026186
-4.154282
-0.200105
-2.252702
-1.514339
-0.875083
-0.926873
-2.080921
-5.055769
0.965933
-1.411812
-2.509094
-3.099550
-4.802909
-3.413607
0.999429
-1.959923
-5.289858
-1.710467
-2.530851
-5.191943
-0.736304
-1.679521
-0.721663
-0.869688
-3.401524
-0.815483
0.207448
1.092876
-5.490268
-2.134778
-2.882535
-3.835490
-4.927657
-0.386871
0.046393
-3.437208
-3.376796
0.901761
0.079488
-2.037573
1.000732
-1.665769
-2.570372
0.732314
-2.861289
-2.472940
-1.354051
0.291374
-1.414977
-1.666382
0.453382
-6.845573
-4.209715
-0.978810
-1.802240
-0.734752
-0.589447
-4.904917
-2.728428
-0.539358
-7.730138
-2.775110
-3.167809
-1.175615
-2.924967
-7.205377
-8.320619
-5.118605
-4.509391
-5.414003
-3.058488
-4.874970
-0.958378
-0.385165
-2.898272
-4.721819
-3.571485
-1.092393
-3.004174
-2.318549
-0.101412
-2.643343
-4.038980
-0.962464
-0.693384
-1.396914
-0.659590
-1.606148
-0.263254
-2.177378
0.219564
-8.013134
-3.130970
-1.787687
-5.098086
2.319686
-0.740203
-2.499134
-2.934226
-3.019823
2.551483
-7.295644
-0.905334
-7.353409
-4.216239
-2.907916
-5.330382
-6.456757
-1.564467
-3.393229
-2.396082
-0.338650
-2.003937
-3.163984
-1.101476
1.098743
0.398665
-3.269602
-7.668295
-6.144726
-1.187041
-1.433157
0.191554
-2.062084
0.218083
-1.379861
-2.227229
-3.489321
-1.694842
-4.095356
-3.864072
-3.340120
-6.220986
-1.565953
-2.343836
-7.742812
-2.887614
-1.434543
-5.408116
-3.832674
-8.725809
-4.504708
-0.945890
-2.796432
-2.459719
-0.174884
-3.840163
-3.838222
-3.186255
-6.029723
-4.719642
-2.006249
-0.996238
-2.703933
-7.335443
-0.806936
-0.849367
-2.834380
-1.892136
-2.528011
-2.478083
-1.052607
-3.452854
-2.089903
-3.287419
-2.573490
-2.057722
-1.673538
-2.477316
-4.518908
-6.985256
-3.601214
-5.444561
-1.928995
-8.290009
-7.191580
-3.646585
-5.598362
-1.915073
-1.014948
-2.161827
-4.125053
0.626006
-2.574945
-6.059731
-3.202669
1.180724
-1.287140
-2.222457
-4.415790
-2.124799
-2.806419
-3.118418
-4.106583
-9.035713
-4.865357
-0.095133
-1.214865
-9.050339
-8.571129
0.926436
-0.647364
-4.415143
-1.760230
-1.394267
-0.058099
-3.823070
-0.262699
-4.958987
-5.307431
-7.887440
-1.090819
3.090380
-2.728502
-7.348026
-0.444381
-1.202321
-2.856580
-3.850368
-4.984495
-1.272217
-6.295673
-2.845447
0.192904
-6.564867
-4.547891
-1.920551
-3.843667
-9.331270
-3.445488
-2.689469
-6.168778
-0.120263
-1.425499
-5.521449
-1.088529
-0.564905
-0.621051
-3.502802
-6.263598
-3.963928
-2.301091
1.090813
-0.579081
-0.255459
-2.328946
-1.229968
-8.994061
-0.636331
-9.620836
-0.616504
-1.485160
-2.549194
-2.669517
-2.085163
-1.808928
-9.516824
-2.413205
-2.116899
-0.828240
-4.557904
-5.166787
-3.662230
0.178408
-1.169515
-4.252399
0.131074
-0.901480
-2.272847
-5.820164
0.922528
-2.399394
-1.559825
-1.814433
-1.369705
-2.233085
-2.373721
-1.578629
-2.179835
-1.524114
-2.436499
-3.398857
1.547305
0.185786
-5.314023
-0.911769
-2.515846
-1.491927
-3.628365
-6.645130
-4.157392
-2.310634
-4.998011
-6.620416
0.082287
-2.987160
-3.945008
-2.914743
0.263062
0.259395
-2.006367
-0.643735
-4.012201
-3.757722
-0.492152
-5.571357
-2.828759
0.386929
-0.432213
-3.708104
-0.834585
0.129435
-2.710155
-4.275589
-5.543941
3.466414
1.466606
-2.052296
-1.683332
2.564960
0.599552
-2.233957
-1.192342
-8.484921
-2.514705
-2.226768
-6.452361
-7.507472
-4.699816
-5.194781
-2.121863
-3.323195
-3.426225
-2.831256
-2.105747
-2.290099
0.529474
-4.884586
-4.314966
-0.895254
-2.506142
-5.070130
-7.901313
-3.753596
-1.785774
-8.323395
-3.653614
-2.947628
-7.028380
0.494068
-4.047064
-3.585047
-1.904079
-2.347855
-4.134370
-0.343523
-2.760568
-2.773227
-0.716262
-1.640835
-0.007954
-0.273194
-1.522818
-0.464614
-2.290335
-3.437206
-3.509356
-0.000382
-2.463358
-7.771382
-3.605676
-2.384627
-0.929295
-0.343824
-7.640034
-2.656805
-4.005656
-1.388211
-4.269085
-3.841093
-2.267736
-3.188048
-4.142853
-3.455790
-1.953127
-2.010337
-1.468326
-1.688286
-3.651521
-0.314265
1.039356
-5.433043
-2.453286
-7.196335
-2.451324
-3.890528
-3.421532
-2.610779
-3.505153
0.158199
3.661732
-8.128028
-2.236501
-5.662211
-0.232417
-4.706131
-2.496543
-5.835899
-0.837291
-3.268468
-4.573088
-0.077316
0.324895
-4.765367
-6.827602
-5.029158
-0.189303
-5.218119
-0.046895
-7.801869
2.582070
0.605987
-0.117347
-7.810472
-2.145284
-2.428345
-4.676947
-3.994076
-2.022916
-0.290281
0.217550
-4.248756
-5.106556
-9.976684
-7.911839
-3.966018
-5.233086
1.112819
-2.898386
-5.108467
-4.222245
-3.187930
-0.399914
-5.439637
-0.222243
-5.014174
-2.272356
-0.606099
-7.705146
-9.150866
-0.699541
-2.443677
0.369859
-7.175617
0.803227
-8.865082
-4.345683
0.707509
-6.194575
-3.943990
0.914831
-1.170764
-2.559450
-0.608090
-2.580163
0.871541
-3.753685
-6.626533
-3.716652
-3.370889
-4.178511
0.783427
-1.616876
-4.418444
-4.548160
-1.313739
-0.486977
-5.197316
-5.955100
-7.915150
-6.018091
-8.608110
-4.217926
-0.352402
-5.284060
0.349239
-3.434144
-2.688175
-1.182525
-9.686192
0.212314
-4.546029
-0.567514
-5.831373
1.459973
-0.809574
-8.333277
-1.651818
-2.000158
-1.371721
-1.252275
-1.527049
-4.977249
0.665848
-2.601146
-1.458648
-3.667498
-2.510660
-3.117109
-7.460236
-3.381525
-3.436412
0.033541
-1.914274
1.515499
-4.031830
1.771530
-5.126368
1.679144
-2.562614
-4.089996
-1.307406
0.372854
-3.582770
-0.553554
-4.308515
-1.606125
-2.283164
0.384805
-2.028620
-2.349092
1.454764
-6.222263
-0.054308
-1.871427
-0.718218
-2.767206
-3.414927
-4.943030
-5.709465
-1.889163
-4.050435
-8.082991
0.188790
-2.659594
-4.169772
-2.686613
-6.190753
-0.086136
-6.832360
-4.302516
-1.585307
-9.447845
-2.589532
-3.293083
-2.446703
-1.986208
-1.256794
-0.207340
-1.315721
-2.407188
-2.488647
-1.043629
-4.266683
-2.693423
-1.654978
-1.546841
-7.021013
-3.005324
-6.261478
-1.729134
-4.978927
-4.556218
-4.786983
-1.953958
-0.512149
-0.189345
-1.764523
1.159594
-0.089687
-0.660189
-8.327478
-0.295066
1.735521
-7.281837
-0.461073
-4.003198
-2.878254
0.220907
-8.386568
-4.281244
-6.784586
-1.230157
-0.229257
-1.926980
-2.833899
-0.584381
-1.997819
-6.419216
-1.752627
-2.310305
-9.571747
-8.420215
-1.579263
-0.669647
-0.941413
-1.505902
-2.585654
-7.097943
-4.657692
-3.444386
-5.907033
-6.678150
-1.024348
-4.728133
0.928645
1.095985
-1.203447
-4.563766
-8.308924
1.881616
-0.586053
-2.987421
-4.418226
-1.336702
-2.189144
-2.968639
-0.303035
-0.521944
-1.764744
1.027431
-6.692549
-5.386515
-5.594320
1.993612
-4.797060
2.460955
0.625212
0.890125
-4.440194
-2.163000
-1.053340
-3.497726
-0.616180
-4.668900
-5.349886
-2.436922
-3.509595
-1.249580
-5.787173
2.361350
-2.710058
-0.701717
-1.938943
-0.889802
-4.264835
-1.807884
-1.741855
-5.399856
3.223354
-4.646976
-1.892559
0.250903
-3.045905
-0.195191
0.468501
-0.887383
0.375175
-2.236562
-6.880714
-2.619911
-1.092794
-5.657708
-1.959935
-1.466009
-4.985661
-0.612406
-0.611803
-5.482172
-7.887458
-0.280634
-0.362168
-3.310053
-1.782235
-2.286181
-1.774331
-9.435294
-1.197094
-3.381187
-1.722257
-1.212431
-4.817925
-1.986368
-1.494680
-1.567878
-1.045821
-3.947270
-1.312042
-3.672284
0.991849
-9.757327
-1.777102
-0.959727
-4.357777
-0.606180
-1.538716
1.771745
-6.691518
-5.683276
-2.350507
-7.217321
-4.391188
-4.499176
-6.340957
-3.671568
-2.155854
-2.131191
-1.613800
0.633756
-6.133726
-6.075392
-0.593115
-6.701918
-2.477479
-1.137915
-3.842586
-2.829538
-3.434367
-6.294535
-2.443452
-5.410461
-2.275639
-1.744816
1.003335
-4.183465
-2.736235
-1.218218
-3.719651
-3.061486
-2.302422
-0.656205
-0.250427
-5.984980
-0.440690
-4.920864
-2.346185
-1.863132
-1.266657
-5.559263
-1.181512
0.464321
-5.301041
-3.584883
-2.572333
-3.351154
-1.230967
-1.882968
-4.419551
-4.720951
0.878517
-3.648987
-5.654208
-1.511787
-4.069576
-0.552042
-3.838330
-0.792687
-0.826845
-8.830103
-9.740962
-1.426775
-5.261021
-4.130656
-2.146742
-2.191136
-2.306244
-4.871342
0.003518
-2.426666
-0.135177
-0.854555
0.168889
-0.638242
-3.548334
0.233741
0.289388
-1.879590
0.598141
1.913538
-2.770980
-7.242564
-2.364994
0.839511
0.207268
-1.888668
-0.826295
-3.988016
-1.794686
0.294365
-0.058123
-5.433330
-0.461970
-1.787759
-2.526697
-0.519690
-5.140371
-2.786412
-1.296138
-0.813027
-0.783564
-4.969958
-1.955084
-6.069437
-3.326498
-4.379126
-0.393888
-0.414708
-0.468217
0.570444
-2.392368
0.187955
-4.458206
-6.257149
-1.930525
-9.110896
-1.389407
-0.024453
-3.600059
-4.826754
0.040745
-4.395008
-0.656680
-0.126161
-0.416272
-5.231255
-1.617675
-2.068353
-0.463872
-3.022581
-1.467139
-3.910886
-0.737867
-9.085217
-8.573396
0.710272
-3.614274
0.768299
-0.905384
-0.863968
-0.542689
-3.526483
-6.066407
-0.566531
-7.937710
-2.493511
-5.770631
-2.937258
-4.184924
-3.491904
-9.173982
-8.770578
0.679819
-3.048136
-0.567003
-1.232601
-4.624989
-1.198079
-0.126399
-2.190580
-1.247892
-1.480535
-0.600016
-1.437287
0.077248
-3.404389
1.977229
-3.577068
-6.232218
-0.739393
-6.809266
-4.895772
-3.080117
-1.991027
-1.326623
2.468140
-6.529018
-2.135065
-6.688168
-4.184251
-1.746764
-8.270703
-5.366231
-1.863029
-1.597041
0.009408
-4.712146
-2.314672
-8.366254
-1.691541
-1.626527
-9.538441
-0.765986
-5.187538
-1.268286
-1.130002
0.636172
-6.631125
-1.146620
-2.723146
-9.501374
-2.452702
-7.441878
-0.292556
-3.522224
0.767544
2.663912
-2.893511
-0.234193
-4.813716
-1.491586
-4.064941
-3.944134
-3.611589
-8.306614
-1.259606
1.161752
-2.222427
-2.551641
1.157583
-1.051617
-1.729061
-3.486715
-3.221593
-8.794518
-1.020036
-0.044730
-9.394048
2.136063
-8.885023
-0.355205
-0.482521
-5.675265
-3.130007
2.598649
0.072780
-0.847635
-2.264245
-2.284722
-7.266885
-3.270873
0.208052
-2.302974
-4.923829
-2.144147
-2.367885
-0.530448
-1.891223
-7.259733
-9.771565
1.394964
0.433817
1.078743
-5.574255
-0.314903
-4.668120
-8.063771
0.980636
-3.813792
-7.895930
-6.893106
-3.725422
-0.461104
-0.039734
-0.806579
-4.477909
-1.648549
0.033888
-6.417336
-0.603215
-1.151869
-4.431820
-4.653964
-2.923610
-3.673202
-3.029298
-2.456428
-4.695559
-4.117546
1.089146
-2.455171
-5.501110
-1.505739
-5.975225
-5.846026
-7.511568
-3.089892
-2.396745
-1.083209
-4.281884
-3.595003
-0.138379
-1.740246
-5.061884
-0.398466
-5.648755
-0.658639
-5.769071
-5.319155
-3.198743
-7.870850
-2.749646
-6.050040
-3.640218
0.917760
-3.020848
-1.699014
-4.893111
-3.621514
-2.090099
-6.377141
-7.602746
-2.302410
-3.614442
1.249174
-2.271763
-1.202628
-8.098122
-3.020257
-1.034016
-1.953506
-4.082917
-2.395066
-2.750025
-3.032527
-2.418152
-0.690447
0.389681
1.067742
-1.430397
-0.436633
-1.888244
-5.445941
-0.443843
1.487818
-0.691561
-2.698689
-0.763701
-0.151385
-2.516995
-1.093926
-0.950636
-5.333858
-1.393972
-1.040137
-0.143450
-1.984347
-2.964700
-1.152258
-1.260032
-2.771418
3.136037
-5.238997
-0.656903
1.370524
-3.790985
-2.538346
-4.099428
-5.528972
-0.201005
-7.406270
-3.989855
-7.083596
-0.423370
-4.007009
-1.309289
-2.549286
-1.310845
-5.357063
-2.573307
0.048477
-0.955079
-2.889611
-3.020795
-5.932374
-1.085098
-4.440845
-1.907188
-1.802897
-6.873328
0.664308
-6.031944
-5.217694
-4.732225
-3.473649
-2.757584
-5.761017
-8.015596
0.975596
1.199441
-7.899097
0.911610
-4.745040
-4.037438
-2.153079
-3.258482
-2.631338
-3.839599
-2.266043
-6.037257
-1.155538
-1.421309
-0.327875
-6.893479
-4.071038
0.804558
-4.273156
-5.680792
-7.541502
-3.546602
-2.239093
-0.667699
-6.742060
-1.696430
-1.148834
-2.149293
-6.498905
-6.145035
-0.802299
-6.023039
-1.895578
-0.160237
-7.492321
-2.666358
-5.684182
-3.235394
-1.241301
1.317232
-2.245919
2.925575
-3.372906
-4.029705
-4.137751
-0.894497
-3.220381
-8.635672
-2.035326
-1.007137
-1.913426
-2.945626
-1.024619
-1.468318
-3.591848
-1.747583
-5.045918
-4.483097
-3.227091
0.639648
-8.293205
-4.625822
-3.356895
-7.513251
-9.455454
-1.898871
-2.845553
-2.099683
-1.764563
-4.604102
-5.381824
-3.035577
-4.719156
-6.521944
-7.388334
-4.020372
2.365786
-4.582277
-7.892933
-1.719515
-2.436566
-1.879803
-0.130486
-0.160957
-1.656174
-3.798208
-2.223412
-8.947983
-0.551246
-2.184311
0.068517
-3.161880
-1.711535
-1.895377
1.593844
0.174540
-0.381732
-1.411365
-7.716680
-2.859643
-3.149255
-2.523400
-0.078750
-2.037671
-5.222512
-1.459721
-1.980103
-3.015428
-1.468794
-0.793933
-3.317205
2.375942
-3.060628
-3.743471
-2.618808
-1.124723
-1.340152
-2.545105
0.641347
0.117144
0.785191
-7.051817
-1.221625
-2.699610
-0.558802
-8.837147
-3.986819
0.516122
0.953909
-0.829130
-7.355948
-1.334433
-4.025102
-5.542893
-4.263013
-4.100950
0.350043
-3.112264
0.420614
-9.480361
-3.415447
-2.266856
-1.639910
1.760510
-3.573083
0.956175
-3.488270
-4.463897
-3.893583
2.778021
-2.060365
-2.060594
-0.846467
-0.728474
-4.310130
-1.239016
0.190537
-4.980530
-1.428098
-3.738558
-0.268679
-7.887475
-1.105368
-5.702719
-1.098733
-2.298513
-1.864848
-6.036733
-7.859949
-5.083503
-1.498431
-4.013512
-4.668881
1.525418
-3.816888
-4.982479
-2.035462
-7.181354
-1.474239
-7.405822
-1.538151
-0.947802
1.009033
-3.074133
-0.319402
-4.734266
-1.031581
-4.466960
-4.649393
-3.353983
0.658753
0.952581
-0.211022
0.489719
-9.182006
-0.072027
0.733775
-1.689142
-3.689565
-4.207544
-4.123062
-5.474095
-7.050046
-1.581214
-1.370959
-5.108982
-4.697423
-0.689830
0.804055
-1.159731
-5.294471
-2.223877
-4.142783
-4.196984
-1.797741
-2.616531
-0.305255
-2.607039
-4.508372
-0.424250
-4.972730
-3.881251
-5.941954
-0.398787
-2.942798
-1.704649
-1.775700
-4.844513
-2.760813
0.193669
-3.521363
-1.146250
0.011834
-2.688329
-2.897885
-0.960084
-0.822584
-7.171757
-0.997412
-1.293904
-1.499915
-5.701509
-0.081356
-2.273386
-0.220910
1.080192
-4.638767
-2.583820
-0.478717
-2.703733
-1.166101
-1.485349
-0.774284
-1.839052
-3.000313
-5.469515
-6.937649
-7.490238
-4.293268
-9.269313
0.513383
0.599444
-4.033544
-6.032735
-1.415013
-5.233741
-4.486992
-4.062904
-4.273958
-1.439116
-6.827925
-2.329348
-4.294712
-1.279323
-0.334881
-0.375400
-1.659283
-1.394069
-2.816377
-4.087161
-6.625041
-1.525931
-3.755154
-3.595510
-3.482156
-1.129410
-1.005409
-3.129577
-7.056260
-3.181000
2.105227
-3.454774
-2.820886
-6.521327
1.306957
-0.973703
-7.819982
-0.745478
-6.621927
-8.880119
-6.237145
-3.144499
-6.490716
0.536850
-0.408359
-4.847792
-2.015890
-0.561250
-2.778845
-7.397993
-4.576481
-5.407029
-4.673975
-0.786216
-3.285226
-2.431292
-3.267775
1.034875
-0.640118
-4.558716
-0.280736
-6.539424
-5.092678
-3.086300
-0.615121
-2.698067
-1.382275
-2.967497
-6.539143
-9.858675
-6.508751
-0.848592
-1.750366
-5.596740
-1.199062
-7.420722
2.162434
-0.868849
-4.797624
-7.375301
-4.528542
-2.903555
-0.764406
-5.994335
-5.889712
-3.301611
1.234363
-6.860667
-7.129264
0.457227
-4.990587
-5.875260
-1.599734
-3.876312
-1.010055
-0.914419
-3.899775
-7.461462
-5.175275
-0.338097
-1.889377
-3.200180
-1.330192
-1.342373
-2.411877
-3.679225
-0.819970
-5.534784
-3.690694
-6.632198
-2.125814
-1.044104
-2.200573
-1.918351
0.538836
-3.508612
1.548699
3.143648
-1.443514
-4.328908
-3.835536
-3.857897
-9.626908
-4.200249
-2.722872
-1.570167
-6.757444
-1.447937
-3.004114
-0.213448
-3.263050
-1.486542
-3.639371
-5.320493
-4.822933
-2.454607
-3.803283
-2.567488
1.104850
-5.544129
-4.241564
1.360835
0.822892
-9.124136
-2.103269
-3.004118
-2.994767
-4.055180
-0.699724
-8.693966
-2.549084
3.636822
-0.684334
-1.201749
-3.827327
-6.142523
-4.367982
-1.608440
-2.137775
-5.742002
-1.539271
-0.047506
-2.924400
-4.371146
-6.646239
-3.412476
-2.877209
-2.858267
-8.066001
-0.549510
-7.390176
2.056092
-6.829068
1.755031
-1.859265
-6.669330
-8.938885
-0.389015
-2.642656
-1.828941
-2.196101
0.142731
-2.667281
-4.884855
2.008790
-2.399189
-9.961495
-1.193395
-2.133916
0.717178
-1.050592
-0.698398
-2.155608
-2.669798
-2.901381
-4.735466
-5.446996
-2.754706
-8.071075
-6.118428
-4.648494
-9.531485
0.766330
-2.115715
-1.314131
-2.106927
-2.294732
-6.597085
-1.592065
0.148677
-3.900573
-3.545082
-0.177940
-0.460201
-5.642370
-1.298569
-5.026567
-2.921939
-1.709881
-5.172592
-5.859620
-4.344497
-1.282613
-1.507398
-2.158099
-6.174877
-2.288209
-6.138329
-3.706861
-5.087151
-1.970024
-4.432885
-2.062335
-3.613552
-0.579902
-3.258291
-0.590179
-9.379652
-6.444831
-4.316623
-7.049910
-2.534241
0.219382
-2.982328
-6.529610
-3.156584
-0.103457
-4.357861
-1.365605
-4.213558
-2.028248
-1.252416
-3.850061
-2.745502
-3.310292
-0.957795
-4.942035
-3.124177
-2.181270
-3.344157
-1.625277
1.594571
-2.625471
-0.695496
1.795478
-2.354648
-0.482004
-2.168641
-4.909022
-2.240281
-9.004415
-2.444709
-1.343788
-6.058791
0.645420
-3.543640
-4.131421
0.124098
-2.456834
-3.144288
-8.436781
-0.373829
-7.052040
-2.311946
-1.334501
-4.718775
1.785512
-4.499092
-1.887814
-5.850082
-0.108670
1.584300
-5.895799
-0.939329
-0.822805
-7.402634
0.604416
-3.241267
-5.357190
-9.787169
-2.453035
-0.315937
-2.277747
-8.619357
-2.993786
-2.557930
-3.066811
0.768296
-3.805329
-3.448916
-1.005338
-8.162796
-2.163199
-4.130902
-2.243011
-3.827214
-0.314804
-8.157985
-2.613807
-7.864787
-7.295686
-7.027283
-4.561726
-3.325081
-5.478853
-9.767777
-1.575841
-2.380508
-1.838679
-3.056211
-0.909706
-2.333666
-4.380997
-2.701054
-3.225400
-1.639607
-6.739209
-4.346783
-3.102391
-5.990281
-8.465059
-8.918871
-8.418535
-4.381790
-2.493994
-2.885235
-0.265177
-6.323112
-1.949237
-0.239452
-2.397789
-5.634902
-4.195513
-1.512092
-9.499659
-5.017605
-3.526825
-1.041631
-3.940183
-6.340376
-1.645001
-7.913486
-1.656309
-6.176271
-2.158726
-5.462544
-7.204213
-1.409148
-6.349859
-0.844207
-4.227109
-6.431868
-2.004957
-5.281313
-3.264814
-2.551904
-2.468705
-1.995486
-3.705621
-3.041865
-2.745313
0.378032
-9.687208
-5.393130
-4.887639
-0.686569
-1.237509
-6.061697
-0.294335
-2.626657
-2.325962
-4.196416
-6.156452
-2.390162
-8.503160
-6.472492
-7.435053
0.360865
-3.967453
-4.179415
-2.604540
-1.278069
-3.475192
0.519664
-0.252184
-6.229905
-7.239928
-3.898465
-9.273880
-6.189570
-5.425213
-0.702020
0.265126
-5.891637
0.196037
-7.007943
-4.163025
-5.091723
-2.669601
-3.924336
-3.274927
-3.929004
-4.854895
-1.598496
-3.626998
-6.954104
-3.894011
-5.548645
-2.545951
-2.221853
-3.369478
-1.676372
-3.764192
-4.751194
-0.126838
2.102002
-1.061260
-1.406451
-5.590991
-2.970074
-1.268060
-0.072800
-1.700501
-8.319022
-5.420929
-5.427957
-5.359354
1.060360
-1.360195
-4.951461
2.422793
-6.055650
-2.114086
-0.725625
-0.652370
-0.827171
-2.342366
-5.929556
-2.069520
-2.428245
-2.148766
0.333810
-6.566933
-2.017257
-4.054956
-4.762167
-4.532487
-2.442175
-2.952858
-5.886422
-1.971165
-8.030252
-7.639453
-9.194708
-5.742041
-1.623920
-0.602836
-3.152987
-2.186215
-3.095557
0.928232
-1.396249
-2.842706
-6.385858
-1.073714
-4.114565
-3.865987
-2.082547
-2.268515
-4.330203
-2.692233
-1.849536
-0.656305
-0.533257
-4.747234
-4.763963
-0.069247
-1.908964
2.158479
-1.916494
-1.012606
-2.783074
-3.635051
-6.197945
-0.949149
-2.910702
-3.699503
-0.343058
-1.829604
-1.512541
-8.310522
-1.078617
-1.680287
-7.918318
-4.806660
-1.658329
-0.962383
-2.529357
-1.749207
-3.594398
-1.394633
-8.377364
-3.726599
-5.732065
-0.244547
2.285572
-1.987228
1.468783
-1.797550
-7.356514
-2.466256
-0.342333
4.802602
-3.624148
-6.507216
-1.450624
-2.712725
1.991851
1.858139
-2.066101
0.379047
-0.568627
-1.409362
-2.247025
-0.414505
-0.952932
-5.056134
-1.038853
0.886511
-3.317148
-1.295848
0.167614
-0.490583
0.858722
2.069025
0.550040
-0.877041
-4.458920
-0.692549
-0.823462
0.403472
-1.748625
-3.247030
0.340445
-7.881931
-2.586181
-3.421943
-4.647712
-5.495437
-0.074847
0.875953
-0.793381
-7.811978
-6.806258
-4.557870
-3.232227
-7.620257
-6.726483
-8.343738
-5.589521
-2.946514
-0.436734
1.008085
-3.345823
-3.642951
-1.034968
-1.435737
-3.094182
-9.061019
0.011978
-8.914488
-0.193334
0.404271
-3.752488
2.070522
-4.062708
-1.624218
-8.159742
-5.794781
-5.915901
-4.768374
-5.882576
-5.420512
-6.995066
-1.201451
2.298412
-2.005942
-1.942147
-9.656569
-5.465093
-2.238057
-5.970961
-0.030566
-3.985620
-1.189430
-4.517994
-7.830872
-8.219729
-5.418006
0.625507
-10.118734
-3.227540
0.674382
1.221202
-1.958059
-6.010442
0.061543
-6.311396
-6.456394
-1.192011
-2.027348
-0.695082
-3.091499
-0.738506
-2.421867
1.400555
-0.281906
-0.947049
-2.859260
-1.820125
-0.442451
-8.152049
-3.304722
0.139685
-1.232797
-5.187334
-4.310725
-1.604876
0.112042
-3.473431
-3.341496
-1.161980
-4.558544
-0.977782
-5.679860
-7.454986
-1.431201
1.076708
0.072547
-8.395673
-5.462759
-4.288598
-7.776500
-6.181362
-6.347264
-3.277333
-3.307305
-4.747384
-2.579356
0.072454
-5.513404
-2.918818
-1.395817
0.818635
-1.591442
-2.129605
-7.006152
-5.654992
-4.535895
-2.997417
-1.746723
0.025917
-2.583279
-1.587293
-0.831754
-2.169861
-1.951537
-5.592517
-4.232527
-6.126903
-3.715203
-0.920639
1.694825
-3.212564
-5.631068
-6.133733
1.551272
-9.136895
-5.141866
-0.678493
-6.834180
-0.737494
0.207272
1.727810
-4.104452
-7.661901
1.414294
-3.169706
-8.252713
-4.924561
-6.513191
-4.603872
-5.560855
-2.679195
-0.984604
-3.540115
0.846379
-3.907677
0.519139
-0.625358
-1.423598
-0.904045
-6.216165
-7.928927
1.370443
-2.641990
-4.703807
-2.472282
-4.027493
-2.621751
1.300792
-2.333843
-0.631828
-2.697908
-2.178239
-2.605661
-3.164635
1.197705
-5.521180
-0.409914
-2.650625
-3.274863
-2.304124
-3.798587
-1.250511
0.412483
4.146941
-1.302554
-3.585026
1.180990
-2.884846
0.401327
-7.199442
-2.151136
-3.748609
2.354042
-4.102451
-2.443248
-0.777670
-1.968909
0.310259
-3.124197
-0.447256
-0.332394
1.122905
-1.407169
-0.347005
-6.183212
-0.747682
-5.526940
-2.939119
-0.133645
-0.125970
-7.462559
-0.029135
-2.304939
1.413355
-5.460367
-2.521147
-2.771154
-1.692719
0.256223
-1.993556
-8.870285
-1.829363
-1.860396
-3.680995
-8.462705
-2.764476
-8.166757
-2.539180
-5.038436
-4.354431
-1.679554
-1.517163
-3.962287
2.929294
-4.714898
-0.055628
-3.426541
-1.111676
1.763769
-1.504884
-1.430581
-3.390615
-2.330095
-2.808411
-6.894307
-0.596933
-2.820885
-2.528359
-9.370854
-2.899330
-5.410419
