8
1 500 1000 200 42 777 13 99
-11.788786
-5.300874
0.742567
-12.103968
-12.170549
-12.061090
-12.035954
-11.753203
-12.103771
-12.090250
-12.242887
-12.015352
-12.115801
-11.917816
-11.979019
-11.863359
-11.985672
-11.962763
-11.940982
-11.929103
-12.029867
-5.237303
-10.147461
-10.112919
-11.912161
-4.795143
-3.302892
-12.016067
-12.021944
-11.956512
-12.161135
-11.996405
-11.780788
-11.957232
-11.928987
-12.040039
3.393981
5.864853
2.178824
3.633814
3.273743
1.078374
7.259660
5.515795
3.924496
2.529818
2.727622
4.213212
4.862305
5.339886
2.709219
1.078629
2.455843
1.182775
-0.063415
-2.166966
-1.336232
-1.180980
-2.262566
-0.869065
-3.824959
4.845237
4.565701
4.895131
4.650335
5.079026
2.411421
4.814517
-0.093855
-0.848688
-0.322684
0.473090
0.164522
-0.704426
-1.673703
0.737618
-0.150003
0.622512
1.076422
1.473938
1.366417
-0.508243
0.043896
0.358613
-1.136867
1.272363
1.227572
3.324055
-1.644120
-0.268236
0.454090
1.923826
0.575347
0.337291
2.904165
2.051151
2.321072
-0.171568
4.594027
6.553387
-1.495247
0.660071
1.005669
2.278877
0.456052
2.833184
1.445864
2.110661
1.637861
3.512558
2.067650
3.152292
2.346347
1.091976
1.749670
1.842150
0.205983
2.378112
2.051796
2.782002
1.274637
1.935404
2.530749
1.710840
1.753110
1.949241
4.729560
2.485448
1.428419
1.968349
-5.478925
-6.611838
-5.875209
-4.910136
-7.395098
-6.082662
-8.172828
-5.131687
-5.301757
-4.511423
-4.065100
-3.281837
-5.319022
-4.724020
-6.356688
-5.848167
-5.287398
-3.779482
-4.749454
-8.054274
-3.759140
-5.097276
-4.495231
-6.394459
-8.837873
-4.412528
-3.418047
-6.971292
-4.409287
-7.004725
-11.869362
-11.991397
-1.896756
0.345982
-0.411609
-1.687434
-1.784953
-2.847489
-3.858564
-1.134763
-3.271917
-2.925120
-3.623042
-12.258940
-1.461808
-2.007689
-0.434812
-0.597427
-7.010842
-9.121506
-11.513107
-9.106073
-9.614065
-0.727343
0.054239
-1.781170
-5.211213
-4.561994
-11.307457
-11.274378
-12.012707
-11.366524
-3.018430
-2.839194
-1.352304
-1.752112
-7.248696
0.248022
-1.525554
-2.428888
-0.663108
-3.266212
-1.768910
0.881878
0.041902
-1.223998
-11.400732
-2.935952
-3.210714
-11.828106
-12.031948
-11.889796
-12.229681
-12.056738
-11.919035
-11.649369
-12.244696
-11.970858
-12.140945
-12.121290
-12.074031
-11.892814
-11.754408
-11.764208
-11.883912
-11.338610
-11.885201
-12.350251
-11.965259
-11.714813
-11.615288
-11.946724
-10.004939
-0.237387
6.170902
-12.115097
-10.809904
-1.641713
-11.809643
-11.919747
-11.983938
-11.899984
-11.854482
-11.619531
-12.386318
-11.936081
-11.657655
-11.693415
-11.577140
-11.157967
-12.035385
-11.874685
-11.932145
-11.910559
-11.797342
-11.585809
5.039861
-12.169275
-5.796080
-2.208095
-6.545027
-9.639778
-7.544063
-7.410343
-6.970120
-5.146906
-7.167586
-6.130942
-6.682079
-6.266866
-3.886068
-5.577080
-3.687520
-8.277968
-8.195954
-7.398869
-3.903133
-6.755413
-5.982590
-5.603945
-5.059610
-5.551533
-3.056499
-5.222489
-4.063224
-6.740161
-6.933993
-2.979672
-4.652053
-4.903450
-7.042557
-6.853145
-1.676941
-1.768877
3.148971
-4.853834
2.902428
1.266725
0.422885
0.232949
0.602535
3.287264
2.692003
-1.384789
-2.817092
-2.089146
2.608203
-2.691784
-0.385416
-1.061841
0.658253
2.736106
1.215193
-1.785715
1.132282
-1.827326
1.707077
-0.246867
-0.140387
-0.640686
-2.853133
-3.012120
-3.588753
-3.912686
1.771678
0.372914
-1.906347
1.948597
-3.494946
0.032295
-0.985402
-2.618403
0.240269
-1.615869
3.427255
-1.734813
-1.147122
3.167769
0.404581
0.504250
-1.854978
0.405269
0.235586
-4.391337
2.455895
1.577116
0.099952
-3.168093
-1.152618
1.091210
-0.490863
1.322708
-0.157382
0.597276
-1.060502
-8.630301
0.418386
0.928327
0.121848
-2.201153
0.418053
1.320079
-2.662488
0.225413
-0.628232
-3.432448
-2.012930
-2.846897
1.467216
1.726584
-0.983607
-1.828933
-1.947210
2.213818
-0.718826
-2.504267
1.409928
-1.079903
-1.737691
-1.489840
-6.195087
-3.816736
-0.342977
-2.458905
-5.665458
1.125904
-3.612685
-0.381075
0.620348
0.153595
-0.332449
-2.828850
-1.720567
0.390213
2.413363
1.385698
-11.807600
-2.516692
0.479759
0.699100
-3.549265
-2.397357
-4.278555
-5.968636
-1.379929
0.564386
1.574812
-2.233568
-3.963417
-2.742125
-0.920515
-1.828266
-3.010432
-0.336920
-1.744176
-4.204785
-3.544403
0.009004
0.941208
-0.132182
-0.507931
-3.366351
1.384880
-0.188192
-3.217609
-0.154179
-0.589527
-2.356735
-4.441111
0.750905
-2.266494
-5.267189
2.441649
-1.885267
-3.137659
2.383137
-0.771810
-4.908217
-0.878143
-0.381328
-2.576269
-0.533389
0.853040
-1.401945
-3.119007
0.596114
-1.162427
-1.034788
-3.197734
1.032961
1.214163
-2.589455
-2.328203
-2.561442
-2.487845
-4.754705
-2.737564
-2.780552
-2.823292
0.813984
2.387666
1.056029
-0.700367
-0.680951
1.897575
-4.315394
-0.199219
-0.155057
-2.181381
-4.790106
0.428800
-2.536551
-1.665612
-1.703570
-1.741522
-1.268109
-1.890381
-2.261478
-0.090752
-6.563787
-4.209447
-2.642121
-0.947110
0.622300
0.134032
-1.103262
-2.126216
-6.078215
-1.865048
-2.501564
-1.046885
-3.148728
0.048179
-4.717659
-4.468553
1.211505
1.412667
-1.465967
-2.378794
-2.834782
-3.997311
-0.757637
-1.249289
-0.021997
0.047185
-0.475747
-3.434938
-0.434372
1.605817
1.498746
-4.923854
0.634772
-0.619718
0.093208
-1.348807
-3.781552
-3.919630
-0.454096
-4.681970
-3.892150
-1.160171
-2.591696
1.037179
-0.061294
-3.680044
-2.203785
-3.816421
0.718861
-4.163253
-0.816939
-2.842398
-1.554999
-0.830948
0.496752
-3.809172
-1.512061
3.157577
0.390708
-2.811586
-4.317673
-0.552601
-0.642008
-0.284208
-0.263943
-1.363882
-1.861242
-0.566311
-2.241918
1.769984
-0.866919
1.993341
-4.407217
-0.771523
0.851627
2.162375
3.186165
-3.006510
-2.894547
-1.110399
-0.704039
-0.958475
-5.846775
0.018519
-0.233192
-1.011306
-1.316783
-5.062873
-5.333896
-3.889315
1.921908
-0.895553
-1.715571
-0.198345
1.245666
-0.365921
-1.571943
-3.309054
-1.405771
0.655994
-2.569792
1.479708
1.130590
-1.796641
2.334805
-1.519807
-0.554120
-1.884346
-1.852816
-2.800225
-2.396675
-1.199035
-0.140648
-1.674500
-4.011744
-2.861563
-1.063417
-2.578167
-3.193304
-7.548481
0.164164
-1.146682
-3.996672
-2.222252
0.971178
-2.209111
-0.426749
-0.917188
-4.409896
-3.339838
-3.216035
-1.532125
0.096828
-4.331145
-5.892849
-0.752409
-2.562181
-2.478417
-1.145433
-2.588712
-0.974526
-7.350155
-0.177014
-1.665757
2.306911
1.690168
-3.005633
2.558283
-1.782035
-0.405916
1.184700
-2.467859
-0.731366
-5.240345
-0.747236
-0.355789
-5.153241
1.240827
-2.331441
-3.111295
-0.388785
1.345610
-4.668182
-0.911805
-1.792378
-2.378051
-1.526616
-1.879107
-2.326799
-1.907417
-5.913443
-2.490682
3.176736
-2.476024
-0.927863
-4.548439
-3.890169
-2.026861
-1.638485
-0.718926
-3.664156
-5.055682
-0.347185
-4.782726
1.856628
-2.693366
2.768378
-0.172028
-4.836235
-3.114349
-4.965021
0.031479
-3.108274
-7.549562
-5.067241
-1.079396
-1.718403
-3.084296
-5.333840
-0.925439
-4.429565
-1.138343
-0.070789
-3.222791
2.592173
0.311447
-3.811265
-2.020200
2.164208
-3.908533
-1.013904
-4.547882
-0.636779
-7.033327
0.854281
-3.019508
-2.852221
-1.335590
0.016721
-2.825279
0.178292
-0.274458
-0.396795
2.676426
-2.959947
-1.728133
-0.694475
-3.330766
-2.337362
-3.332279
-3.204401
-3.912400
-2.901237
-2.989084
0.242115
-6.043198
-6.057253
-0.524046
-3.424843
-4.970076
0.813577
1.382284
-4.456056
1.978912
-2.518727
-0.176430
2.134755
-3.169983
-1.008314
-0.404925
-12.485106
-1.535483
-3.923144
0.511939
-1.172908
-2.333140
-0.412060
0.724985
-1.897170
-1.224352
-2.927980
-3.427855
0.196936
0.318806
-3.546524
-4.206786
-1.942250
-2.695248
-5.681505
-0.273610
-0.780303
-0.800976
-3.741680
-1.793334
-2.263823
-0.892649
-5.112884
-2.792649
1.497979
-4.312254
0.022073
-2.636804
-2.140487
0.835354
-4.242982
-1.199688
-0.897146
-3.790164
-4.060978
-1.308027
-1.400477
-5.518504
-0.941000
-2.170446
-0.705881
-3.024282
-1.282485
0.052113
1.570777
2.325356
-3.226374
-0.954084
-1.287490
1.546845
-4.236145
-2.562225
-1.444272
-2.560126
-0.240420
1.200504
-1.197478
-4.397444
-1.408771
-3.836715
-2.362423
-2.454152
-1.402290
-1.836855
-0.586203
-4.102849
0.520365
-0.842189
-2.942806
-3.960505
-3.309748
-3.119435
-3.855750
1.464504
-1.826379
2.968836
-2.105968
-1.841456
-2.657906
-3.323360
-1.668448
-3.438672
-0.372146
-2.132289
-3.054610
-1.083586
-0.623412
-5.840576
-3.080819
-2.736159
-2.570015
-2.465716
-1.403583
-2.821202
-0.128962
-0.799519
-0.037581
-0.246214
-2.263145
0.559370
-3.046638
1.304074
-3.284428
-3.079162
-0.869914
-3.126536
-0.363859
-1.476171
-4.231119
0.099514
-1.788197
-2.407373
-5.806801
-0.178622
-3.455550
0.340942
-0.857464
-0.354586
-0.204022
-1.160590
-1.854207
-4.293890
-2.062201
-1.719866
0.695688
-3.282017
-0.784744
-0.084208
-1.990117
-4.232191
-1.650957
-5.042612
-1.448474
-2.178491
-1.919523
-4.109909
-0.763783
-3.144100
-5.514892
0.359275
-3.678440
-0.660830
-1.504879
1.592364
-1.766996
-3.069978
-0.214761
-1.182813
-3.338339
-2.269104
-5.343334
-2.000807
-4.388899
-1.205534
0.501907
-3.408621
2.054001
-0.125605
-7.517747
-2.146706
-0.173613
-3.624192
-0.090409
-3.556687
-2.845354
-2.390216
-0.916906
-2.556764
0.019373
-1.301490
-1.948860
2.063673
-4.117233
-3.341778
0.590187
-2.529134
-1.467195
0.263837
-0.493218
-5.967363
-2.294761
-0.055287
-4.256315
0.129920
-2.214621
-5.381310
-2.428300
-2.853078
-3.033364
0.449262
-1.302395
0.955901
-3.723621
-3.260067
-0.713166
0.753141
-4.087346
-3.293069
-1.735590
-2.722860
-0.584294
-2.373587
-0.637929
-2.030434
-6.280468
-2.225207
1.784235
-2.582218
-0.943928
-2.868515
-1.190418
-4.245389
-1.793209
-1.919521
-2.993171
-3.058531
-3.669137
-1.892691
-2.180634
-1.910738
-4.139383
-6.809034
-1.468084
-1.446993
-2.747382
1.299968
-1.957017
-0.893269
-0.344979
-2.938861
0.082637
-2.561438
-3.327691
-0.601287
-1.133318
-0.210070
-2.452388
-0.672848
-4.828990
-2.758908
-0.009829
-3.317233
-1.610062
-4.510536
-1.581240
-2.434609
-4.247689
-2.776545
-3.228282
-1.606767
0.586744
3.193227
-3.246935
-1.320017
-2.210198
-0.894594
0.737117
2.281701
-2.852622
-0.517491
-0.420632
-2.924517
-1.606482
-1.201951
-2.174352
-4.322653
-2.761608
-2.853909
-0.467658
-1.989352
-0.962317
-0.215277
-4.551752
-2.091689
-2.290778
-2.926035
-4.498469
-3.526642
-1.200294
-3.577786
-1.854413
-2.022504
-1.272096
-0.957460
-4.705935
-2.869566
-2.075897
-0.660880
-3.360214
-2.613603
-1.558995
-5.463295
-0.681922
-3.419357
-2.370659
-1.411707
-3.101293
-1.010356
1.380309
-5.548960
-4.207346
0.258294
-4.576617
-2.969013
-3.593736
-1.604874
0.417696
-4.903148
1.231428
1.054546
-1.815995
-2.285295
-0.029885
-3.064213
0.352172
-2.497964
-0.089259
-3.003372
-5.177463
-3.617352
-1.639180
-3.188306
-0.915293
-8.641923
0.746786
-0.794684
-5.719326
-2.852488
-2.984789
-0.732853
-10.064610
2.335083
-1.032756
-0.694578
0.102327
0.083831
-7.505705
-3.093479
-4.684381
-1.808015
-3.666983
-0.738496
-2.449911
-3.852454
-2.958008
-2.636886
-4.491333
-5.293324
-1.159381
-0.709688
-0.924096
-2.532293
-0.670750
0.239650
-3.510180
-2.630564
-2.985687
0.414140
-0.679836
-4.891475
-2.310493
-3.514464
-1.935398
-3.643729
-4.812629
0.085925
-5.032222
-1.136879
-3.379235
-4.100781
-1.677383
-3.542310
-2.062098
-1.695326
-2.236952
-0.741281
-4.087970
-1.088082
-1.928976
-4.632758
-2.368603
-4.503569
-2.856574
-1.157991
-0.773078
0.130749
-3.147111
-4.213895
-4.149496
-1.641401
-3.234208
-2.757951
-1.832438
-1.517441
-2.903449
-0.398808
0.977525
-1.885758
-3.328270
-4.297290
-0.874104
-2.479714
1.035975
-3.561051
-3.033728
-2.707778
-1.239362
-1.938695
-4.573764
-2.736807
-3.728834
-0.970043
-3.368563
-4.777714
-2.908625
-3.349158
-2.929092
-6.186748
-1.101816
-3.110395
-3.495471
-2.580594
-1.771142
-1.615413
-3.958206
-6.321582
0.730215
-1.888340
-4.304814
-4.322675
-1.958177
-4.001583
-0.086083
-2.293473
-2.156326
-3.883195
1.316756
-5.024809
-3.118013
-3.125466
-2.349227
-4.102333
-3.043854
-1.757301
-1.368384
-0.770077
-2.203463
-4.738054
-0.701456
-5.226799
-1.230028
-0.544709
-2.213115
-1.379238
-3.447458
-1.432861
-5.490747
-4.252586
-3.481780
-1.375374
5.380095
-0.206897
-3.422256
-1.989140
-2.099609
-0.351163
-0.278063
-1.597162
-0.716962
-1.981647
-0.151057
-0.344878
1.833569
-4.046235
-3.242951
0.297681
-2.599178
-3.168050
-3.381701
-2.248415
-1.104348
-0.837199
-3.964795
-8.013388
-1.476162
-1.976065
-3.524901
-2.984535
-1.585359
-3.011788
1.747311
-1.125290
-1.347977
0.318810
-3.868863
-0.626761
-0.189981
-1.057528
-0.712620
-2.558820
-1.335549
-4.095143
0.994783
0.592943
-3.212940
-2.147234
-3.306449
-3.671329
-1.072728
-3.483858
-0.524068
-4.334090
-0.466271
-2.737786
-4.476314
-1.593228
-4.118595
-0.613329
-2.626234
-1.793486
-2.537005
-0.827025
0.865402
-0.975123
-1.276052
-1.451185
-5.793057
-5.742594
-4.223369
-1.790388
-2.416967
-1.129745
-0.830771
0.564840
-1.678381
-3.040545
-0.787151
-2.482381
-1.390263
-2.193770
-2.109075
-5.864003
-1.012886
-2.538713
1.033958
-5.160128
-0.684833
-3.584356
-3.992823
0.120353
-2.794461
-2.872317
-3.125319
-3.951672
-0.454549
-1.843435
-1.146559
0.357589
-2.220574
-2.394162
-3.012534
-4.638205
-0.646760
-4.519446
-2.109220
-4.345509
-3.187218
-1.221091
-0.389674
-3.936396
-1.073770
-3.926865
-4.491439
-1.210834
-0.893862
-2.232166
-4.181942
-1.219671
-2.670693
-0.367436
-3.262093
-5.485909
1.440931
-0.411893
-2.921218
-2.541223
-0.859565
-0.736441
-1.827459
-2.340513
-0.315931
-0.936878
-2.528322
-2.897437
-2.314933
-1.142716
-1.390858
-3.574075
-1.069188
-4.288062
-2.515054
-1.257219
-3.844099
-1.662329
0.578155
0.319817
-0.823115
-2.039903
-0.816377
-3.087175
-2.173854
-1.101789
-1.153773
-1.447259
-3.032840
-1.944658
0.718561
-0.931255
-5.504844
-3.907002
-4.934661
-2.793448
-5.013376
-4.548737
-1.217427
-2.053351
-1.974699
-4.179546
3.899421
-2.016457
-1.522127
1.260901
-6.587660
-0.759038
-2.223450
-1.875091
-3.737658
-0.671661
-0.581833
-2.375096
-4.797016
-6.292033
-5.998724
-1.807441
-1.533931
-2.971043
-2.526953
-0.563257
-5.985860
-2.900930
-3.267469
-1.506308
0.894712
-2.123064
-1.116475
-1.320666
-4.459959
-0.366213
-5.378678
-3.031332
-5.024986
-3.942621
-3.270176
-1.793062
-2.512403
0.459390
-5.070596
-0.763429
-3.468452
-1.656225
-2.057745
-4.470767
-2.807181
0.000123
-0.971507
-3.748354
-2.583326
-0.853334
-1.706604
-2.483005
-1.895440
-2.086306
-4.926996
0.646922
-3.709042
-1.590281
-5.093708
-0.816324
-3.482519
1.885190
-1.966626
0.618449
-6.675992
-1.752650
-1.537390
0.305728
-0.415646
0.561171
-2.555729
-4.222461
-4.091938
-4.314622
-2.831706
-0.754879
-7.609906
-1.050344
-2.529780
-1.585794
-3.030537
-1.559693
-0.194238
-2.789193
-3.445400
-3.571157
-2.132695
0.163638
-6.061705
-3.787221
-6.389532
-0.148192
-1.370405
-1.350952
-1.342522
-5.139298
0.741360
-2.043248
-1.259413
-3.774044
1.379911
-2.915848
-3.787397
-0.639706
-9.270138
-3.661009
-3.532410
-0.994647
-1.306299
-1.664182
-0.344435
3.097723
-4.076292
-0.004600
-1.346488
-3.196495
-4.360209
-6.589282
-0.960259
-2.545156
-4.137715
-1.598280
-0.664521
-2.329217
-4.957267
0.042100
-4.697179
-3.409352
-1.425411
-4.594864
0.395003
-1.472652
-4.629336
0.239103
-3.545949
-5.701704
-2.257336
-2.885909
-4.249467
-5.406747
-4.204495
-2.623250
-2.343667
-1.555013
-5.411049
-1.363960
-1.296402
-2.514015
-1.695139
-2.619829
-8.102896
-2.547634
-0.603535
-0.665018
-0.482339
1.931138
-0.315448
-0.570519
-1.756974
-1.012677
-2.754345
-2.622140
-1.158407
-3.932437
-4.841499
-3.709625
1.400479
-4.683830
-5.583558
-3.477436
-3.058901
-2.520721
-0.409468
0.706708
-2.311268
-1.280400
0.916426
-3.775704
-3.695049
-8.357965
-1.810602
-6.039747
-2.000164
-2.510737
-4.646006
-0.536711
-1.500041
-1.399657
-1.788398
-4.059138
-2.145080
0.104725
1.334116
-3.247205
0.037346
-5.154336
-1.940525
-2.653645
2.014556
-5.741742
-3.063988
-1.587348
-2.059868
-1.577548
-6.671115
-1.280903
-4.575341
-3.578235
-3.626306
0.836959
-1.735693
-3.187732
-0.755567
-0.433710
-1.610837
-2.736014
-2.638749
-1.802284
1.795385
0.799676
-3.796476
-2.372794
-5.944840
-1.967738
-6.304814
-1.484631
-1.528617
-4.717079
-4.072992
-2.992012
-2.496927
-2.144939
-2.970666
-1.408624
2.626443
-1.990029
-1.778150
-2.237439
-0.273418
-0.184941
-0.116107
-0.539842
-2.542407
-3.911618
-7.312303
-3.413233
-4.259695
-5.820118
-2.031806
-3.157281
-4.119474
-2.619106
-2.549188
0.929483
-2.314587
-3.399104
-2.920138
-0.520000
-0.300936
-4.664550
-4.209874
-4.339317
-3.411674
-2.212158
-2.018567
0.386174
0.061627
1.943837
-1.631178
-1.834328
0.670674
-2.803989
0.178771
-0.628026
-1.670434
-1.880316
-1.218181
-1.346047
-3.634117
-2.911360
-2.603161
-1.135850
0.740482
-4.770191
-1.740749
-0.655753
0.453882
0.549553
-0.916973
-1.132646
-0.637758
-9.438442
-1.581400
-2.958605
-1.572901
0.237722
-4.597723
-0.813092
-3.369225
-2.279898
-3.080203
-1.283203
-4.687348
-11.441774
1.735996
-4.585910
-4.185699
-0.287290
-0.735793
-6.715977
-2.757282
-0.927690
-2.359216
-0.779380
-5.944928
0.217777
-0.161012
-1.430427
-5.776781
0.503462
-3.921919
0.555166
-0.829884
-0.328463
0.226451
-1.228729
-0.471010
-2.634033
-4.115660
-3.385202
-4.831439
-1.509429
-0.245779
-0.252899
-3.030447
-5.557446
-4.176784
-1.198141
-5.304136
-0.847399
-3.159291
-6.594245
-5.617701
-4.475687
-2.557785
-5.069026
-4.161993
0.285581
-2.598645
-2.912537
-3.240100
-0.709340
-0.345541
0.196765
1.164429
-4.641945
-3.938150
-2.046022
-3.682949
-6.565856
0.778965
-2.401561
-0.317367
-6.497329
-1.517330
-2.782480
-4.561609
-0.602887
-1.520906
-3.614082
-2.616821
-3.843613
-5.531077
-1.119984
-3.474761
-5.048278
-1.092845
3.699565
1.238368
-0.174044
-0.636989
-4.631818
-4.729936
-2.009961
-4.582563
-2.090577
0.790534
-1.588160
-3.445591
-3.981634
-3.018882
-2.533895
-3.141606
-4.027170
-0.998009
-1.524201
-2.550399
-1.007850
-4.126968
-1.807118
-2.678276
-0.308369
-0.588301
-0.160102
-4.727516
-4.591237
-3.312897
-2.863924
-1.682119
-2.176666
-4.316303
-0.948483
-4.585925
-2.772256
-3.591300
2.330553
-6.096457
-1.965353
-2.428435
-1.598938
-1.955787
-3.720361
0.499799
0.256873
-1.560327
-1.526215
-3.608382
-0.809141
-3.004116
-0.960648
-3.037481
-3.340665
-4.769225
-4.818976
-3.117614
-1.790553
-4.467371
-4.101134
-5.217993
-2.514650
-2.293400
-1.712697
-6.523082
1.723516
-5.173694
-0.706241
-4.024495
-3.928684
0.505772
-3.930781
-3.854560
2.497917
-2.532507
-1.594542
-3.541401
-4.442447
1.959093
-1.948715
-3.994964
-2.267411
-2.077446
-2.719326
-5.491966
-3.748704
0.583068
-1.614066
-3.143272
-2.795074
-6.661191
-3.163282
-3.836830
-1.653949
-2.902059
-1.295509
-2.844296
-0.923763
0.206059
-3.691159
-3.107971
-3.942596
-0.698905
-3.891958
-1.340144
-2.753552
-1.627489
-2.426699
-1.934594
-1.255850
-2.840635
-3.253362
1.028816
-1.601190
-0.399141
-3.924050
-3.804282
0.089365
-0.942817
-3.838118
-9.718250
-5.608649
-3.938151
-3.315600
0.795098
-1.023518
-1.464302
-6.418359
-5.653140
-3.281886
0.242377
-4.646068
-4.803390
-1.631268
-1.132011
-3.895224
-2.305284
-3.172162
-1.534310
-4.849418
-3.126143
0.387459
-2.483922
-5.138412
0.523227
-0.952908
-0.625747
-4.623884
-1.934037
-0.433106
-4.145519
-0.591806
-2.614186
-0.290028
-1.833189
-4.023146
-4.404422
1.302297
0.613340
-7.272935
-2.650757
-1.272733
-4.170658
-2.750093
-2.379927
-0.500555
-5.300067
1.475941
-2.196220
-6.128650
0.274885
-2.772505
-2.939524
-2.496474
-1.313234
-3.438268
-1.203223
1.447830
-1.893677
-6.038966
-3.925466
-0.905365
2.607907
-3.938072
-0.803186
0.037678
1.290981
-3.404767
-4.866309
-1.436491
-2.479322
0.163337
1.074621
-1.829499
-0.725207
-5.080481
-1.438934
-2.612886
-1.381441
-2.441157
-2.952062
-2.773722
-3.996145
-2.623029
-2.484837
-0.786183
-3.713709
-1.432902
-0.158946
-3.931063
-6.517008
-3.061707
-4.420073
-1.086835
-1.451140
0.299358
1.516986
-0.270399
-4.520990
1.092041
-3.306975
0.212786
-5.038686
-2.238289
-4.256236
-0.779828
2.483963
-1.777622
-2.602333
-0.893261
-2.335156
-2.382271
-2.599025
-3.299050
0.959315
0.724722
-4.188004
-0.612068
-1.354249
-0.137454
-2.175990
-2.332845
0.591924
0.241077
-2.393589
-1.894464
-6.202515
-4.303273
-0.605717
-4.154716
-1.368255
-3.994253
-2.781442
-4.425467
0.093858
-5.099339
-2.839713
-0.300081
-4.696250
-1.080835
-4.714070
-4.817241
-0.019850
-3.929404
-0.889160
-0.829182
-3.236036
-4.582829
-2.986238
-2.899003
-2.073807
-1.574292
-1.895185
-6.472933
-1.354810
-4.330522
-1.916619
-2.405413
-6.221877
-0.375914
-3.063362
-3.051285
-3.405697
-3.637160
-2.280937
-1.002507
-3.289979
-2.595318
-2.586673
-2.784598
-1.229159
-2.180341
-2.301751
-2.157069
-0.698530
-0.140597
-4.576780
-2.647778
4.199841
-0.611591
1.416918
-2.786610
-0.294718
-2.455752
-0.771192
-3.671891
-3.308693
-3.045219
-3.307895
-2.390017
-2.944494
-0.773350
-1.078427
-1.935533
-4.344556
-0.648079
-2.951277
-3.663282
-2.463741
-6.233614
-0.656740
-4.519240
-1.709566
-4.846025
-0.882717
-2.856638
-1.293079
-0.285082
-2.913978
-0.155062
-3.390623
-0.376729
-0.964141
-2.927342
-8.555459
-2.470857
3.153568
-1.130802
-3.388268
-2.925124
0.509111
-2.565186
-2.489098
-1.667748
0.858055
-5.172764
-1.457961
-1.646707
0.865367
-1.548965
-2.036448
2.505391
-6.862915
1.754383
-0.738337
0.461404
-0.539173
-0.765669
-0.054531
-5.279367
-3.235016
-6.129969
-0.685733
-3.092724
-2.805337
-2.280668
-3.204096
-3.258470
-1.701909
-1.275283
-3.654995
-4.440969
-2.208188
-2.325977
-3.442662
-7.328138
-5.980426
-5.802518
-0.837977
-0.686527
-1.348800
-4.819521
-4.055499
-2.672671
-4.671664
-12.157863
-3.255001
0.232644
-3.837481
1.130764
-3.326303
-1.992781
-1.496937
-6.064283
-1.300658
-5.695172
-3.994278
1.237002
-4.378759
-2.958688
0.028715
-3.215848
-1.131122
-1.533235
-5.109383
-1.656023
-1.684868
-2.878797
-4.818271
-2.900706
-3.636188
-2.196867
-4.154383
-2.245677
-5.852853
-4.973531
-5.279635
-4.767560
-2.526360
-3.530334
-3.550217
-2.929939
-3.621469
-4.054822
-2.716120
-5.331631
-1.254844
-3.247366
-3.237823
-2.638799
-3.516096
-5.522516
-0.801110
-3.192413
-1.218085
-1.382311
-0.675924
-5.975995
-0.454604
-2.656843
-1.772198
0.094739
-3.489598
-4.243274
-1.702301
-4.366881
-0.245728
-8.595245
-2.531330
-3.019610
-1.346017
-1.733066
-2.095635
-2.845140
-4.436792
-3.512843
-4.059292
-3.336587
-1.339607
-1.627626
-3.943976
-7.130871
-3.675428
-3.431494
-1.219603
-5.559500
-1.219095
-1.642216
-1.661053
-2.468882
-4.734758
-2.973223
-3.760917
-1.575340
-4.868150
-3.239718
-7.481054
-4.598228
-2.634233
-1.144983
-2.398651
-3.681602
0.128219
-2.946586
-2.008131
-0.542998
-1.250814
-2.603592
-1.916761
0.734680
-2.709790
-2.890322
0.351111
-1.950987
-3.278132
-3.856649
-3.284984
0.921328
-2.816325
-3.162532
-3.771071
-0.568488
-3.829675
-0.231188
-2.931048
-5.784359
-1.299544
-3.204976
-5.528035
-3.869166
-3.553254
-3.801586
-1.494099
-1.650183
-2.765737
-2.682657
-2.325018
-2.489028
-4.932242
-6.217266
-3.523338
0.430352
-4.528681
-5.634626
1.262512
-0.720133
-2.554116
-2.053871
-2.200971
-3.862047
-6.132860
-4.542329
1.884564
-7.283997
-1.524475
-1.151588
-2.441056
-4.012383
-4.565280
-2.002777
-1.474231
-2.124108
-4.577497
-1.375383
-2.319759
-4.838429
-4.088199
-3.498666
-1.287956
-2.890104
-5.794324
-2.989354
-1.407493
-6.952519
2.634037
1.839295
-1.574043
-2.458240
-3.648312
-5.268462
-0.917510
-1.829274
-4.076784
-3.338562
-2.912465
-3.761981
-3.884056
-5.100089
-2.733529
-1.901642
-3.947062
-0.118250
-4.517168
-8.076939
-1.320167
-1.263902
-2.804590
-1.339968
-6.498190
-2.694841
-4.363856
-0.598934
-0.978455
-1.567185
-5.795239
-3.274901
-5.917061
-0.388142
-4.711437
-2.725533
-1.433702
-2.049998
-3.943777
0.275756
-3.499003
-2.633506
-0.893708
-4.211482
-6.266134
-3.041805
-2.302162
-4.208522
0.888668
-3.124690
-3.051004
-4.055669
-4.923671
-1.433664
-1.142524
-4.046280
-2.881250
-0.464386
-0.444893
-4.096099
0.545096
-4.187098
-2.970602
0.514189
-0.833288
-4.160782
-3.574060
-1.128104
-3.317108
-0.994245
-3.312299
-4.770482
-4.094316
0.383238
0.364736
-5.083205
-2.664001
0.723895
-0.722302
-3.489181
-2.502270
-3.730540
-1.664419
-0.689353
-3.310734
-2.830736
-1.807915
-5.648013
-2.765882
-2.787284
-1.754406
0.236066
-0.439000
-3.526558
-4.986636
-1.996395
-0.381999
-0.782223
-1.533032
-5.110494
-4.957470
-1.948392
0.697315
-0.857393
-1.522835
-0.063226
-3.525542
-1.574607
-3.409524
-1.330371
-2.733531
0.776680
-4.493033
-2.666443
-3.083410
-2.816636
-0.960254
0.230421
-2.389387
-3.966142
-3.107814
-5.841005
-4.592713
-3.666451
-3.253090
-2.474306
-4.285439
-0.944481
-6.837577
-2.932650
-4.489472
-3.626306
-3.402470
-4.709845
-4.209041
-1.125560
-0.063050
-4.496541
0.059775
-1.007464
-2.585273
-4.464774
0.862002
-1.024537
-3.414463
3.273642
-1.279939
-1.867185
-1.671100
-2.470105
1.209014
-3.427273
-0.221415
-4.018571
-3.149404
-0.138453
-2.458939
-2.534649
-4.427630
-2.819525
-2.008914
-5.281997
-1.925846
-3.437374
-1.840557
-2.349738
-1.885805
-4.604000
-2.684268
-1.500462
2.456851
-1.110985
-1.877489
-5.659180
-4.522179
-4.715661
-3.982087
-3.745550
-2.726292
-3.234078
-1.957067
-2.866134
-1.517081
-1.989439
-0.916794
-1.822527
-2.913605
-0.783953
-4.353112
-5.024954
-2.310886
-4.249836
-2.368404
-3.026606
-3.354193
-5.344283
-5.488750
-1.242229
-4.377826
-2.515221
-4.921605
-1.405895
-2.940632
-3.793351
-3.919775
-2.083464
-6.138061
-1.060721
-3.575123
-2.108896
-3.320587
-1.591734
-2.776179
-0.692008
-3.484226
-2.637454
-2.294335
-1.035176
-2.181026
-3.208442
-5.196908
-4.754441
-0.301318
0.062008
-6.395801
-4.542438
-5.815743
-3.241940
-2.377891
-3.835288
-5.095266
-1.082674
-2.655468
-1.747577
-3.558072
-3.859939
-2.591486
-3.603341
-1.256528
-1.242129
2.282686
-5.069639
-4.307518
-2.023006
-2.432099
-5.499844
-1.798430
-10.975124
-2.344096
-3.450997
-3.529757
-5.581885
-5.978059
-3.211389
-4.794642
-5.694675
0.724645
-4.850920
-1.020666
-5.012429
-1.246964
-2.815364
-5.509592
-2.050405
-2.774563
-2.265819
-3.159617
-0.952417
-4.822294
-3.880705
-3.470361
-4.304364
-0.606877
-4.749804
-2.015269
-3.123770
-1.419349
-3.528296
-4.285315
-2.462280
-2.856321
-3.263618
-2.286826
-2.310738
-1.997124
-4.319588
-4.230464
-2.618602
-3.206308
-0.483659
-4.221417
-4.092965
-3.911448
-1.550361
-2.882639
-3.573215
-1.060979
-3.115900
-5.418944
-5.407430
-2.861579
-4.562910
-5.212545
-2.442085
-2.961816
-1.614658
-0.579267
-3.744260
1.286980
-8.302896
-0.811251
-3.010748
-4.745612
-2.639845
-3.481458
0.516857
-0.220793
-2.962752
-3.537701
-3.617468
-3.991791
-3.894958
0.028423
-6.543264
-2.019737
-3.981063
-5.987704
-3.901671
-4.844894
-6.530075
-3.685019
-3.866683
-1.204575
-3.428348
-3.025609
-4.420516
-2.466698
-0.138411
-2.929514
-1.464263
-4.374860
-3.532561
-2.587821
-4.127682
-1.562263
-5.356463
1.689998
-2.399372
-3.075288
-4.019889
-7.024403
-4.524746
-5.776196
-1.964462
-4.809239
-2.967755
-2.773726
-6.609211
-4.813277
-5.874049
-3.018950
-0.058635
1.816862
-3.302532
-3.559851
-0.857061
-3.326706
0.147809
-0.600653
-2.181456
-2.465722
-2.047419
0.058018
-2.153307
-2.034815
-6.125022
-0.908194
-7.481138
-4.225545
-1.820593
-1.446243
-1.958432
-2.423882
-2.015151
-0.884144
-4.592110
-3.816859
-1.830058
-3.597713
-4.576383
-2.387410
-1.794196
-3.672747
-1.969184
-2.684197
-0.830041
-1.886635
-0.394498
-2.459375
-3.936365
-5.448568
-4.296898
0.048077
-3.824610
-3.612326
-4.340627
-4.991301
-6.926055
-4.939037
0.980716
-5.549218
-2.510921
-3.045848
-1.858618
-0.519595
-2.317996
-2.747803
-1.299875
-1.535027
-5.414486
-4.849884
-2.555709
-2.563329
-4.938330
-1.659356
-1.595412
2.250768
-3.898707
-6.356807
-3.848641
-3.728620
-4.293230
-1.330303
-1.282110
-5.254843
-0.699051
-3.258328
-3.846730
-2.064573
-2.823660
-4.503360
-4.016457
-5.856714
-3.573913
-2.657110
-3.458894
-2.087580
-3.581474
0.991334
-4.201086
-4.677230
-6.804761
-0.217777
-3.295388
-2.161468
-1.902432
-3.592278
-2.599270
-2.383691
-4.381223
-4.627416
-1.237321
-12.042601
-4.081100
-5.530223
-1.652628
-2.975270
-1.702154
-1.513921
-4.901885
-0.199989
0.897296
-7.000062
-4.880007
-3.802662
-2.256671
-1.288376
-3.946868
-2.084463
-0.899456
-3.580770
-2.462525
-0.941013
-2.388256
-2.940654
-3.593011
-3.692566
-3.969908
-1.139768
-3.923679
-2.331456
-1.777492
-2.659852
-2.441227
-4.818063
-5.777217
-3.383099
-4.114600
-3.222447
1.355480
-0.823282
-4.294684
-2.064172
-1.154567
-0.108555
-1.531111
-2.608795
-0.671977
-3.569805
-2.138412
0.096949
-2.943028
-4.151315
-4.517656
-3.370326
-4.366576
-5.332767
-4.048551
-2.644610
-1.185783
-4.064670
-0.755380
-3.447737
-2.636669
-4.213691
-3.854093
-4.329844
-0.049247
1.885436
-2.509397
-1.618522
-2.502151
-3.917138
-5.012629
-1.647413
-3.634761
-1.872793
-2.880507
-1.496902
-4.314181
-1.067433
2.445264
-5.128688
-1.050214
-3.110133
-5.905627
-3.650610
0.330531
-0.302289
-6.496477
-1.620914
-2.423758
-2.839872
-3.588247
-5.417668
-3.253095
-2.643756
-5.337965
2.868933
-3.946200
-2.976307
-4.737050
-2.423560
-5.775196
-4.847741
-3.884879
-4.700665
-1.719070
-2.281175
-2.977185
-3.811392
1.019244
-3.811847
-4.294413
-3.923975
-2.278807
-3.993248
-3.014671
-2.285480
-0.404615
-2.151466
-3.307853
-3.198209
-3.355269
-0.463547
-5.417154
-4.159024
-1.027137
-2.570206
0.831874
-4.694774
-3.661102
-2.113693
-3.826075
-4.233716
-3.478220
-1.719000
-2.009436
-1.387904
0.921225
-1.846580
-3.654183
-1.933372
-6.776711
-4.092095
-1.532872
-2.547952
-2.852118
-3.675643
-3.791123
-3.828741
-1.221132
-3.122996
-2.360797
-1.553989
-0.932683
-0.545043
1.579986
-1.613307
-1.249389
-12.025511
-6.776543
-2.739222
-3.463689
-1.486880
0.060852
-2.238475
-3.522050
-0.901482
-1.041256
-0.746340
-4.169656
-2.501750
-3.137731
-4.466901
-5.463652
-4.873878
-1.058205
-1.183175
-4.411539
-0.981782
-3.923536
-6.253418
-2.943559
-1.172311
-0.575333
-2.707137
-5.556138
-6.752567
-2.680223
-0.432457
-5.003410
-0.388970
-0.677633
-2.921086
-2.357918
-3.051874
-1.069494
-5.984866
-4.261518
-1.469043
-2.047293
-1.783450
-1.148381
-5.501143
-0.857784
-4.813271
-3.654511
-4.444969
-2.511775
-0.748587
-1.788448
-3.106040
-3.471770
0.013920
-4.510498
-3.479631
-3.829836
-0.942694
-3.422982
-0.949580
-5.876849
-5.520063
-4.136505
-2.688849
-2.500631
-4.862610
-2.711823
-4.734200
-4.308581
-4.930133
-4.166808
-1.696450
-4.308832
-0.115385
-4.454479
-3.363331
-0.071747
-2.311671
-1.611502
-1.920629
-2.446487
-2.984004
-4.297847
0.996462
-3.858747
-5.006962
-4.591760
-4.313807
-5.016813
-3.884114
-4.935116
-3.871938
-2.751447
-0.640402
-1.164348
-4.492779
-0.418332
-1.904049
-1.862369
-1.381447
-3.331599
-2.214582
-3.726737
-1.072307
-3.514848
-0.695167
-2.961918
-1.543813
-3.114449
-0.123144
-5.692976
-0.372694
-0.169956
-1.918566
-1.746314
-3.687013
-5.055296
-0.630255
-3.244515
-3.967695
-3.114674
-1.672777
-5.042916
-3.748594
-3.084501
-2.014325
0.715588
-2.438300
-4.133325
-2.142255
-0.056107
-0.978187
-0.694668
-3.464339
-0.250147
-0.718616
-7.284795
-1.004589
-3.789011
-2.326406
-4.034640
-3.051737
-4.267511
-2.664563
-7.427802
-1.932364
-0.925901
-0.632597
-3.776618
-5.990630
-1.752809
-2.676649
-0.650980
-2.305055
-4.438928
-4.432547
-4.581981
-3.097394
-1.558340
-2.190543
-2.489485
-4.137728
0.712404
-0.339288
-5.797808
-6.332756
-4.303337
-3.010407
-0.342867
-5.462876
-0.340795
-1.972251
1.088101
-3.794080
-2.519787
-1.789146
-2.971446
0.716096
-1.699082
2.269804
-0.740721
-3.791898
-1.612420
-2.747649
-1.107686
-2.176579
-2.240429
-4.440063
-1.728634
-2.344666
-4.157659
0.508386
-4.664141
-3.299893
-0.954425
-1.382874
-4.395566
-0.059924
-3.676538
-3.368002
-2.910180
-3.208034
-1.781138
-1.278269
-6.407217
-3.040281
-0.777108
-2.455782
0.480077
-4.400723
-2.354012
-5.604902
-0.935423
-4.326925
-3.438013
-2.831105
-2.188781
-3.602109
-2.734020
-1.246839
-3.791990
-3.482862
-0.495664
-3.140021
-0.450629
-4.400893
-3.872555
-5.044904
-2.259732
-7.113461
-1.145866
-3.265386
1.965204
-0.871942
-5.937371
-0.842991
-3.672560
-0.802199
-1.892699
-5.239994
-6.193651
-5.594413
-1.092821
-1.540561
0.452906
-2.586262
-5.798829
-1.843142
-2.006116
-5.434764
-3.142613
-4.220662
-1.345042
-3.259244
-6.133739
-4.794134
-2.833634
-3.161703
-2.680355
-4.603584
-5.147577
-3.433984
-0.446637
-3.237298
-0.447272
-5.654891
-3.061576
-0.550623
-6.321796
-0.623781
1.306620
-4.008111
-1.074816
-1.883352
-3.246379
-0.943856
-3.668498
-1.639920
-2.465706
-1.457509
-2.645313
-0.655035
-1.167503
-2.765821
-6.169486
-2.376770
-3.457175
-7.585001
-2.864048
-0.911070
-4.501688
2.536288
-0.638746
-6.974041
-5.087153
-5.509643
-3.588947
4.734513
-2.592256
-0.073839
-7.632761
0.080720
-2.232206
1.181437
-2.378565
-3.538232
-5.500993
-3.794653
-6.083622
1.390768
-3.879970
-2.697392
-3.933486
-5.613136
-5.993342
-5.427667
-1.014638
-1.959939
-3.611783
-4.012832
-4.832939
0.007393
0.807049
-0.986108
-3.189827
-5.062433
-2.861276
-0.647762
-2.273675
-0.436383
-2.476126
-4.181051
-4.228871
-5.387167
-6.334663
-3.465662
-3.178255
-3.904273
-2.901266
-2.252264
-3.063736
-5.906822
-3.083807
-2.569137
-0.622743
-5.611626
-4.669599
-5.546458
-0.966679
-0.987542
-0.937207
-4.524895
-0.531023
-3.289807
-1.568407
-2.117053
-2.988491
-3.352582
-1.844668
-2.794226
-4.391555
-7.067136
-3.236949
-4.021787
-2.338697
-4.515367
-3.663536
-1.049079
-3.591242
-4.633514
-2.217780
-5.832297
-3.848780
0.088754
-0.650661
-3.022019
-2.431464
-4.322419
-6.171827
-3.494612
-2.628868
-5.965808
-1.501499
-2.085921
-2.088610
-2.426978
-3.136356
-3.554866
-5.633408
-4.886452
-4.569514
-3.673403
-2.486197
-1.234677
-3.660756
1.585042
-1.199482
-1.093349
-5.576477
-6.002942
-0.857634
-1.803184
-1.574573
0.387320
-1.288182
0.465639
-4.233708
-3.133023
-0.349957
-2.511890
-4.480130
-3.273277
-5.154276
-3.096497
-2.352891
-2.312741
-3.691190
-3.359847
-4.519887
-5.801464
-4.061769
-0.690099
-1.755020
-4.962285
-3.828092
-2.879008
-5.998025
-1.702019
-3.462809
-4.013405
-3.132053
-5.188887
-5.751894
0.168395
-9.076532
-1.861671
-3.613487
-5.370837
-1.797879
-2.679251
0.679090
-4.684817
-1.472718
-2.406369
-2.325742
-2.205513
-6.496003
-2.287810
-3.980309
-3.222213
-6.062854
-1.649978
-2.632841
-5.192489
-2.996984
-3.539152
-2.174071
1.030875
-3.907615
-1.527904
-4.264605
-0.375881
-3.160096
-3.786185
0.298680
-2.040684
-0.190881
-3.681902
-1.986993
-2.009461
-5.588190
-0.943351
-3.194355
-4.323412
1.061870
1.005999
-5.586283
-2.633012
-3.328887
-3.821997
-3.192586
-6.667929
-3.287677
-2.477756
-2.233107
-2.067566
-3.076094
-1.835196
-2.426875
-6.268154
0.176425
-2.759304
-3.339688
-2.536661
-3.143231
-0.274347
-2.487021
-4.122872
-0.865513
0.956654
0.385980
-3.454325
-3.359212
-3.731519
-3.289871
-3.401865
0.290795
1.639559
-4.364900
-5.899410
-3.339348
-5.327930
-2.526140
-1.529356
-2.449884
-4.643003
-2.743818
-4.421212
-1.678432
-2.948393
-1.639230
-3.748209
-3.381400
-2.577463
-5.876736
-0.361184
-0.468303
-3.175901
-2.745287
-3.441060
-4.599378
-3.993152
-0.480440
-4.244416
-2.133482
-3.724052
-3.126578
-4.467774
-4.821550
-1.778009
-5.345467
-2.334394
-4.461458
-1.430466
4.812932
-2.298083
-3.666959
-2.196206
-5.730940
-1.583238
-6.124328
-1.928725
-5.751093
-2.411928
-3.962477
-2.455238
-0.572083
-3.316108
-3.027775
-1.858643
-2.145313
-3.157821
-1.162151
-4.546764
-2.432692
-4.065493
-4.997361
-8.056458
-1.973094
-0.332758
0.262579
-3.376784
-2.707513
-3.605360
-1.162104
2.939001
-2.097615
-3.778208
-4.613992
-0.518881
-1.880411
-2.469064
-2.051488
-4.189680
-2.874297
-3.050068
-2.909219
-2.904309
-4.131920
-4.044262
-4.584909
-2.726584
-3.720871
-3.203278
-3.372890
-3.776531
-3.642761
-4.177992
-2.325450
-3.126212
-4.129665
-0.930246
-2.639744
-3.946458
-1.722600
-4.526502
-2.919504
-2.488492
-0.556284
-3.985774
-3.421399
-1.326516
-1.080106
-2.858888
-2.142235
-1.712717
-4.324598
-2.377754
-0.830954
-3.620077
-0.078487
-4.374978
-0.964225
-4.209024
-6.434952
-2.741020
-2.374238
-5.241716
-2.555752
-5.449532
-4.220661
-1.442197
-2.018838
-1.552631
-0.814469
-0.543513
-3.717561
-5.048745
-1.466547
-5.060879
-6.698152
-1.658436
-1.901641
-4.536927
0.003510
-3.884486
-7.970871
-0.795579
-1.583166
-1.875339
-5.111590
-4.053040
-2.363431
-3.483637
-3.609584
-5.229578
2.255173
-4.325593
-2.210943
-7.766546
-2.924524
-3.108710
-0.986738
-2.017825
-2.649728
-3.137302
-4.374675
-3.945291
-2.034937
-3.225091
-4.043873
-4.662514
-4.304441
-3.041270
-2.046275
-2.653374
-5.522157
-1.563294
0.502036
-1.234973
-3.341488
-3.176406
-3.326266
-3.607037
-5.824396
-4.356853
-5.683138
-0.602590
-3.957707
-6.693583
-0.157519
-0.606582
0.921480
-3.708120
-2.106482
-0.179407
-4.106967
-4.377231
-3.364301
-3.598976
-3.548729
-6.448038
-3.044019
1.046474
-2.296025
-1.463980
-1.781188
-2.554095
-1.904037
-1.747416
-2.071036
-5.118846
-0.176359
-3.549673
-4.284599
-3.743891
-4.131841
-1.409271
-4.316173
-5.166680
-3.266269
-3.412071
-1.837409
-3.729781
-2.468493
-7.279010
-3.111464
-4.362514
-2.529083
-5.290236
-4.251734
-5.401023
-3.146601
-3.911843
-1.062452
-3.507792
-3.009475
-4.724916
-5.181445
-5.047735
-4.290812
-2.724574
-5.430743
-2.317439
-1.261243
-5.303462
-1.890187
-3.357335
-3.611588
-3.546507
-3.878664
-2.287352
-0.659423
-6.076945
-1.534170
-3.216552
-3.748395
-4.180548
-3.274228
-2.426158
-5.932590
-4.181869
-2.920599
-4.534606
-5.784085
-4.725522
-3.843274
-2.482326
-1.831171
-0.239509
-2.080211
-2.113072
-3.376233
0.341330
-3.401857
-0.124579
-6.185339
-6.236291
-5.100453
0.933971
-4.728206
-1.868827
-5.046075
-0.402016
-1.872368
-2.947540
-0.661083
-2.675073
-2.915329
-4.246897
-2.582004
-4.802214
0.031187
-1.293659
-2.433601
-2.398327
-3.317947
-2.926476
2.111687
-1.418802
-2.926406
-4.721817
-2.343857
-3.745176
-2.843787
-1.695185
-3.394034
-4.504329
-6.058890
-1.447455
-3.325604
-2.187289
-2.563883
-3.688282
-3.189304
-5.066330
-2.338629
-7.054799
-4.655130
1.107316
-3.983125
-0.424410
-3.731404
-1.066745
-3.397998
-3.677399
-12.193779
-3.602763
-0.951722
-1.256448
-3.518990
-2.040092
-4.238039
-3.745733
-3.359304
-2.594625
-3.434202
-2.897252
-2.346164
-7.054982
-1.764327
-4.514157
-2.759643
-0.185917
-3.593130
-3.645028
-2.178873
-1.337826
-6.114551
-0.618099
-2.789609
-4.564533
-1.030872
-3.497297
-0.306395
-4.596045
-3.751102
-4.474916
-1.639293
-1.670683
-3.232839
-0.936109
-1.824819
-3.911304
-5.177085
-0.642078
-6.513141
-2.923406
-1.452692
1.267945
0.317855
-3.325204
-3.857609
-4.574656
-3.657573
-4.282248
-1.665118
-4.478494
-2.406055
-4.250576
-4.684603
-5.320473
-2.016448
-5.274410
-3.195331
-2.537020
-0.510700
-6.371222
-1.555154
-2.713465
-2.973768
-2.151465
-3.354770
2.359380
-3.972572
-0.913377
-4.542975
-0.894184
-5.446817
-6.276244
-4.551064
-3.374722
-5.807438
-5.401081
-6.128299
-6.340071
-1.767931
-3.199955
-4.275270
-1.587476
-4.407966
-6.630482
-0.117525
-3.195052
-5.005703
-4.487981
-4.855704
-1.687833
-4.989900
-3.917681
-5.372429
-4.430785
-3.547296
0.010221
0.605567
-4.416121
-1.286621
-12.483906
-4.331333
-4.570372
0.575583
-2.590369
-2.715406
-4.509464
1.038498
-2.360771
-4.056640
1.975533
-2.285913
-2.546577
-2.732202
-2.545664
-1.783937
-2.652103
-0.765677
-0.870749
-3.732553
-1.651057
-0.127568
-5.325798
-7.620431
-4.732022
-5.644049
-3.098340
-3.122380
-2.764425
-2.509386
-3.944107
-1.729888
-4.579875
-1.082977
-3.821074
-2.546050
-3.150743
-4.828745
-2.957486
-1.911368
-4.484930
-1.459751
-0.119087
-6.127092
-6.414239
-3.034080
-2.428298
-0.858211
-3.878750
-1.308422
-2.246624
-5.110277
-2.702075
-4.695990
-1.854152
-4.530605
-2.851718
-4.103548
-2.680583
-2.562961
-1.419038
-3.883456
-4.444402
-0.974744
-4.731928
-0.791735
-3.031209
-6.031062
-3.255336
-3.559048
-2.232255
-3.907433
-2.524661
-3.967664
3.654989
-4.525504
-3.578688
-7.642225
-3.536273
-2.454068
-6.169333
-2.227576
-4.371566
-5.988369
-2.249354
-5.719909
-6.759238
-5.715746
-2.701734
-2.523580
-1.593656
-1.171723
-2.719892
-4.517816
-1.858213
-2.369063
-1.649375
-1.527831
-6.718173
-0.774837
-5.744267
-0.624554
-1.792669
-4.122067
-3.017288
-2.042476
-3.000307
-3.585011
-2.948890
-3.795405
-2.003063
0.040244
-3.668238
1.126281
-1.256183
-5.030887
-3.104088
-3.325590
-2.175312
-2.436327
-2.018858
-5.071465
-2.585512
-4.907887
-4.321356
-8.828690
-2.246716
-2.973451
-3.378883
-1.196351
-1.063969
-3.980512
1.896917
-4.375448
-2.669997
-4.476520
-7.666670
-2.625174
-1.766855
-2.811913
-2.728308
-1.388492
-3.950164
-4.246863
-0.227777
-5.500974
-0.959823
-4.940854
0.752651
-4.311212
-2.231327
-4.004193
-3.470543
-5.657562
-5.032810
-0.159045
-5.147734
-1.733347
-5.936871
-5.628743
-4.910572
-0.164913
-1.424519
-3.859861
-2.651872
-1.402218
-3.203271
-7.645480
-1.879456
-5.968335
-4.710929
-2.747754
-3.841527
-4.901132
-1.321230
-2.653916
-2.803459
-2.479551
-1.387158
-3.695487
-1.581758
-2.344806
-2.976852
-2.287179
-3.799624
-2.947993
-4.752024
-6.030883
-4.537735
0.015484
-4.805161
-4.142894
-0.325484
0.038818
-2.397780
-2.565726
-7.307648
-1.839707
-2.200158
-1.511671
1.952047
-0.797689
-2.146517
-1.926261
-2.660977
-5.304175
-4.237007
-1.217941
-0.326372
-3.388632
-3.868221
0.498500
-2.697431
-5.969907
-1.859254
-0.881681
-4.339125
-2.141744
-3.363591
-0.388761
-3.474684
-2.825281
-2.791636
-2.576537
-3.676299
-4.107382
-3.897305
-1.440768
-0.049518
-2.396571
-2.938534
-5.060288
-3.401565
0.209778
-4.767935
-1.486045
-2.527497
-3.326410
-2.893648
1.299803
-6.352382
-3.549741
-1.976127
-2.199832
0.242086
-1.535717
0.588411
-1.121273
-5.135999
-2.344795
2.730089
-2.955831
-2.119504
-2.546657
-3.303525
-2.573592
-2.858798
-3.455196
-1.967147
-2.249864
0.250384
-4.995159
-6.285943
-1.201394
-1.595395
-2.946345
-4.042511
0.569814
-4.141900
-6.541687
-1.373600
0.954082
-3.977577
-0.970750
-2.472021
-1.978888
-3.552165
-6.508773
-6.133687
-2.651592
0.224215
-0.391893
-5.219488
-5.095416
-1.587464
-6.295140
-3.370186
-5.188217
-0.778093
-2.921552
-4.932311
-3.067797
-3.934725
-1.029634
-3.698204
-0.248172
-5.129324
-2.770569
-0.720278
-3.545393
-0.152635
-0.015834
-2.959631
0.043347
-3.246673
-1.580328
-4.165174
-4.531706
-4.877618
-5.423247
-2.825385
-4.124734
-3.107621
-2.518841
-4.728885
-3.011493
-3.640729
-1.992462
1.183081
-3.800429
-2.041700
-3.030993
-3.657095
-3.948643
-1.675087
-2.350538
-2.782866
-2.779678
-3.393754
0.383121
-0.560765
-2.844413
2.751480
-3.082839
-1.444532
-0.354824
-1.827472
-3.141498
-4.345993
-5.494399
-4.369731
-3.350620
-6.089025
-1.385928
-2.639164
-4.849026
-4.008756
-2.926515
-5.148141
-1.335222
-1.511321
-2.937178
-1.726201
-5.223688
-1.495353
-2.341948
-0.701996
-4.924793
-3.399009
-0.087536
-2.513817
-5.211404
-4.310569
-4.674081
-0.617089
-2.528859
-2.890684
-1.255897
-3.059555
-1.341069
-1.931279
-3.793833
-2.151176
-4.982120
-3.408164
-2.654520
-1.910542
-3.748318
-5.037685
-1.651978
-1.727752
-0.859701
1.773045
-1.662040
-3.750547
-0.850108
-2.685769
-3.343657
-3.346889
-3.546540
-6.015156
-2.761598
-4.151501
-4.615843
-3.880492
-4.147422
-0.850018
-2.775257
-2.584570
-3.746677
-2.815776
-4.645267
-1.092095
-0.324700
-6.572584
-3.524955
-5.843957
-1.549698
-4.425787
-2.146228
-1.272328
-0.845292
-2.684290
-3.902862
-3.073176
-0.409558
-5.325356
-3.636896
-3.806750
-2.756594
-0.890363
-2.585542
-3.369181
-2.035521
-4.331215
-4.637699
-2.922872
-2.095989
-3.920604
-2.860744
-0.335324
-4.764678
-2.716767
0.580429
-0.871898
-3.328014
-0.417553
-4.661473
-4.157710
-4.909303
0.523021
-5.002537
-1.826577
-3.680382
-3.262882
-2.738686
-3.755523
-6.036274
-7.007058
-4.304799
-6.159719
-6.681514
-1.113633
-4.273848
-4.148465
-3.781031
-5.113688
-3.658614
-4.758855
-3.502357
-4.244767
2.895520
-3.534839
-3.497273
-5.401477
-2.897833
0.804513
-2.681650
-1.011355
-5.632586
-3.425573
-1.173801
-3.449839
-5.433822
-1.618400
-3.009790
-2.483615
-1.906109
-2.355484
-1.791428
-3.355049
-1.854395
-1.156914
-4.154319
-6.148319
-0.107395
-2.791027
-2.572646
-1.263249
-4.621658
-1.580579
-2.618299
-5.696881
-4.423086
-4.074423
-2.550926
0.046816
-6.623938
-4.421583
-5.668241
-1.209342
-5.047178
-4.424025
-2.576966
-2.068522
-5.521192
-1.394915
1.423329
-4.543927
-0.620292
-3.794753
-3.086658
-1.029874
-4.216238
-3.556950
-4.212715
-0.807587
-1.471062
-4.829394
-2.683110
-4.204860
-5.654939
-1.271424
0.124128
-4.903206
-6.744078
-4.205553
-1.347070
-4.713892
-3.399604
-4.694276
-4.550228
1.937088
-2.167804
-0.144209
-4.634601
-4.297625
2.160233
-5.878035
-2.874354
0.707856
-1.877137
-7.181497
-4.267475
-0.664416
-1.583222
-5.083312
-3.206248
0.390717
-5.067529
-1.880169
-3.706801
-3.451682
-1.956960
0.775000
-3.061844
-3.760127
-2.853725
-5.781283
-1.893100
-2.990178
-5.736877
-3.694895
-3.409482
-3.944407
-2.528510
-3.103969
-4.079320
1.662236
-5.512840
0.274668
-3.272912
-5.129779
-2.866621
-3.189535
0.468998
-1.172286
-2.083089
-6.089345
-2.530116
-3.023512
-2.081755
-2.779052
-3.130686
-0.532694
-4.680696
-6.062248
-3.491479
-4.206254
-1.250562
-3.489335
-5.186378
-4.064401
-1.710732
-2.084259
-3.763471
-2.729047
-4.629465
-4.302860
-1.576216
0.263802
-1.058455
-1.467169
-1.515163
-4.721194
0.370148
-3.842641
-4.500304
-4.588861
-2.858697
-3.450647
-2.604035
-1.078986
-3.116065
-4.149372
-2.669128
-6.988907
-2.210531
-4.581447
-4.177132
-0.189226
-3.057473
-6.307194
0.200676
-1.339688
-3.922330
-4.191723
-0.037258
-4.352445
-2.923121
-2.782114
-2.531797
-1.917849
-1.840987
-4.661250
-3.676573
-1.342060
-7.813769
-5.710432
-5.008822
-3.170093
-0.320353
-4.331461
-1.807924
-3.306622
-2.609417
-5.051414
-1.100038
-6.977699
-3.785758
-1.539028
-5.195793
-4.339860
-1.548743
-4.283525
-3.708304
-4.389350
-1.125030
-6.280880
-1.673503
-1.436534
-1.593578
-3.075873
-5.507855
-1.440219
-2.201062
-4.265424
-7.518079
-1.087313
-1.416525
-3.540008
-0.257689
-3.502030
-0.978043
-4.071465
-2.388881
-3.454579
-5.984858
-2.350011
-1.555882
-3.922839
-2.798270
-1.494145
-4.371982
-4.311213
-3.350192
-4.155129
-1.757594
-6.188847
-1.191096
-3.954486
-4.363889
-4.010376
-3.527717
-2.501240
-2.635246
-3.395668
-4.030499
-3.336891
-2.937772
-1.377078
-2.058913
-1.957751
-1.379969
-2.117551
-4.459416
-2.370735
2.261693
-3.224257
-6.155097
-2.140756
-2.631818
-4.390808
-5.701679
-1.680763
-3.132803
-4.319993
-1.288016
-3.489406
-4.827561
-1.603310
-1.729753
-2.150639
-2.096142
-3.421499
-5.284646
-7.022401
-5.001779
-3.573503
-2.043029
-2.082599
-3.178027
3.054827
-1.399190
-3.916298
-4.074849
-5.793283
-0.268851
0.130618
-2.560005
-4.226435
-1.831115
-2.161541
-0.715561
-4.407113
-5.149550
-1.385382
-2.137315
-3.265843
-3.055696
-3.585277
-1.482422
-0.166066
-1.933684
-1.382401
-2.108049
-4.079168
-3.418971
-3.865292
-3.791049
-2.967635
-2.285450
-4.532977
-2.455560
-5.506203
-0.409205
-4.282202
-1.641940
-1.977026
-3.401400
-3.993726
-3.528337
-3.435545
-1.046486
-3.698475
-1.781723
-1.545356
-2.556584
-3.117523
-6.144227
-1.914499
-4.998906
-3.160354
-5.162834
-3.011897
-3.406132
-4.068480
-2.510290
-3.406737
-4.962446
-3.338100
-1.273508
-3.799559
-3.613007
-2.841737
-2.729474
-0.550691
-4.079919
0.053782
-2.447067
3.038930
-4.049687
-2.442881
-3.367357
-1.780258
-0.763750
-5.581923
-2.080590
0.409539
0.810772
0.334733
-4.629680
-2.024400
-6.198340
-6.824726
-0.903993
-1.599141
-5.513258
-2.875346
-0.277203
-3.096584
-2.175454
-3.100451
-3.093262
0.863490
-1.418211
-6.413874
-2.772082
-5.178141
-5.103237
-0.789260
-4.393296
-3.330343
-2.372923
-2.699852
-2.515235
-5.752838
-3.766940
-5.066418
3.698201
-3.192580
-1.841765
-3.227195
-6.758392
-3.110399
-0.425642
-4.459108
-4.152826
-1.205992
-6.621675
-3.754625
0.591748
-2.844530
-5.237793
-2.694398
-0.469245
-3.069579
-6.418272
-3.237345
-1.792542
-5.418732
-4.367390
-3.804516
1.812195
-0.930584
-2.806517
-3.814249
-2.672938
-4.696365
-12.684398
-4.879228
-2.233491
-6.049124
-5.456872
-3.712447
-4.585902
-1.391724
-12.086903
-1.479246
-5.341107
-5.061347
-4.603434
-3.725248
-2.617680
-2.405526
-0.218731
-6.176653
-5.991251
-2.890757
-4.814420
-3.192028
-3.166946
0.307918
-2.011227
-2.406930
-4.040037
-3.676730
-5.286281
-3.090023
-5.345127
-3.094583
-2.008059
0.229819
-1.294901
-4.917905
-2.089660
-2.782620
-6.405191
0.803297
0.417061
-1.915802
-0.625559
-7.298497
-2.405358
-2.601045
-5.905950
-2.478363
-2.788435
-5.194810
-4.505085
-4.238212
-1.185349
-1.530749
-2.074277
-1.373647
-5.605797
-4.888517
-4.204186
-3.982072
-3.169551
-1.254114
-4.290051
-5.278209
-5.609486
-1.748230
-2.824710
-2.335162
-4.114256
-3.216207
-2.949187
-0.626095
-4.416986
-0.336488
-7.428961
-3.065366
-2.118808
-2.410278
-2.156178
-4.415026
-1.853528
-3.282338
-3.286119
-1.298651
-2.621870
-1.716616
-3.111799
-3.367820
-2.226061
-1.645223
-2.557160
0.239455
-4.316610
-3.563882
-1.565501
0.204301
-1.354412
-3.159805
-4.316597
-1.723446
-11.306016
-3.276831
-3.785146
-3.094957
-6.085073
-0.854265
-3.173929
-3.456742
-3.918121
-1.941984
-4.682170
-3.523472
-2.164794
-3.560844
-4.845969
-1.138597
-6.329612
-0.477764
-4.490849
-3.364309
-5.713037
-2.839903
-2.638621
-0.374177
-4.471117
3.538415
-4.831865
-5.420619
0.398254
0.751360
-4.408314
-3.256858
-2.391527
-3.613910
0.457347
-5.634432
-4.816684
-5.215940
-3.591066
-3.336518
-4.588905
-1.602263
-1.511664
-2.029163
-2.232663
-3.528578
-2.540979
-1.857227
-2.819307
-5.548912
-2.446257
-4.418846
-5.951513
-1.687168
-2.235280
-5.473152
-2.208113
-2.438249
-2.436137
-4.421531
-1.447309
-4.053096
-4.132139
-3.847846
-2.679389
-3.105230
-2.137641
-6.765239
-4.004991
-0.826216
-2.653184
-4.581458
-4.719687
1.280095
1.036003
-3.296789
-2.091697
-4.560180
-2.122481
-4.865452
-1.965972
-1.293026
-3.686758
-2.767601
-4.889503
-3.946833
-2.671811
-3.930951
0.321569
-4.017204
-3.237589
-2.757156
-5.481384
-3.589926
-5.497430
-0.387787
1.032686
-5.056709
-4.523644
-3.408071
-4.694767
-3.343249
-5.503679
-3.964672
-5.696614
-3.238630
-5.175377
-6.151558
-0.397595
-4.710478
-5.404658
-4.985636
-0.213331
-2.747862
-1.900079
-4.964262
-5.533766
-2.255589
-0.085120
-1.861263
-3.948953
-2.787381
-1.470249
-2.780534
-0.635638
-2.149376
-5.580521
-0.455852
-1.109887
-4.343354
-1.811808
-1.046026
-3.718473
-5.022560
-2.590535
-3.775373
-1.221605
-2.850205
-3.055722
-4.865360
-5.146750
-6.014223
-3.552226
-4.512248
-4.196291
-4.194231
-4.372603
-4.353581
-2.687930
-3.583453
-5.308496
-1.287671
-3.127551
-3.276331
-4.305923
-3.491050
-3.635696
-5.269478
-2.390354
-3.879023
-3.224194
-3.050431
-4.480230
-3.879496
-0.593040
-3.747765
-4.587193
-3.719466
-0.167123
-3.875310
-1.913431
-3.838258
-4.382197
2.416260
-1.716806
-3.468418
-2.230765
-0.834350
-4.819091
-2.633195
-1.204346
-3.259339
-4.563745
-3.512442
-1.899024
1.593382
-0.109096
-2.251695
-3.114113
-3.672006
-2.383501
-5.246339
-5.964302
-4.453598
-5.419098
-5.791236
-1.942062
-3.363294
-3.319284
-1.986799
-0.403583
-4.688411
-3.013110
-2.060797
-2.392125
-3.344662
0.936596
-4.320655
-3.274573
-3.606539
-0.895817
-1.793120
-1.587909
-3.363038
-0.725972
-4.310270
0.050028
-5.405293
-3.434873
-5.938101
-1.625353
-1.047196
-4.936101
-3.243007
0.012882
-4.091488
-1.850938
-6.206057
0.010524
-5.355646
-3.468969
-1.940543
-2.124568
-3.869248
-4.067379
-1.370670
-5.190332
-2.936769
-4.258991
-1.111809
-4.498378
-2.796115
-0.947756
-3.276310
-2.594517
-1.628988
-1.450320
-3.059988
-0.080963
-5.163332
-4.109274
-5.327993
-2.325376
-2.303055
-0.285826
-4.210396
-1.346863
-2.693126
1.765736
-2.586638
-3.083655
-3.826879
-1.214739
-2.018276
-2.113706
-0.932533
-4.800578
-2.623729
-2.547569
-4.135450
-1.921920
-4.065694
-4.570381
-6.058008
-2.983566
-3.785603
-6.029377
-4.959791
-4.689146
-4.350639
-2.418739
-3.130216
-0.236578
-5.406955
-3.687771
-3.101646
-7.357804
-4.277226
-2.660194
-6.193000
-4.329642
-4.890979
-2.499947
-6.417735
-1.114744
-4.609555
-4.376081
-4.472561
-4.749287
-7.724623
-4.066929
-2.008657
-3.622936
-1.497513
-6.112492
-4.361026
-4.841703
-2.645743
-3.506429
-1.178112
-1.856836
-2.568909
-3.432874
-3.815665
-1.294532
-2.961953
-3.296525
-2.725314
-2.441121
-5.184906
-0.130304
-7.497032
-2.387046
-3.675768
-4.608502
-4.038207
-4.510815
-4.730250
-4.508934
-3.727866
-3.446422
-0.856517
-5.098866
-3.282965
-4.038118
-1.509657
-1.983144
-2.795384
-0.820772
-1.664771
-4.046190
-3.273021
-7.814289
-3.270099
-4.534543
-7.306901
-3.797974
-1.913423
-2.405608
-5.062146
-3.837218
-3.751832
-12.293182
-4.534316
-2.908884
-4.550988
-1.814350
-11.564180
-4.186038
-4.657087
-3.636815
-2.902160
-2.090987
-2.594481
-2.625368
-3.190368
-2.076863
-6.335333
-2.323102
-5.476866
-2.631256
-2.473317
-5.901485
-2.136231
-1.077670
-4.506475
-4.770352
-3.617248
-4.102597
-3.768676
-5.388576
-2.465018
-5.737000
-2.311658
-3.378518
-2.397320
-2.041648
-1.411934
-6.114017
-2.327780
-2.175628
1.399445
-2.532396
-3.991306
-4.253101
-6.712196
-4.956634
-1.770939
-3.699532
-5.307485
-4.532742
-4.515818
-3.134888
-6.724245
-2.469700
-2.847761
-2.443744
-3.194325
-1.050958
-6.428164
-5.823753
-2.310374
-4.358997
-2.801510
0.375057
-3.356899
-0.763302
-4.155310
-4.326976
-4.487551
-1.364671
-0.661939
-1.861422
-6.432023
-3.009240
-2.591424
-2.929220
-1.824434
-3.819570
-4.312108
-5.373691
-3.283062
-0.780813
-2.689798
-1.065378
-3.722764
-3.748852
-0.917583
-3.910192
1.149509
-3.560616
-5.677350
-2.799900
-4.166040
-6.354559
-4.212641
-4.224219
-0.366840
-5.458467
-2.446801
-4.172509
-3.894049
-2.780766
-2.835386
-4.031664
-1.824827
-4.148393
-4.847501
-1.610947
-4.620891
-6.127208
-5.255483
-3.427792
0.144358
-6.935065
-4.403691
-3.686989
-3.705764
-4.057741
-3.895965
-2.543140
-1.863764
-2.892145
-0.986331
-3.670795
-5.499503
-3.359025
-3.402771
-5.158846
-4.969289
-4.186288
-2.866145
-2.948523
-3.879597
-5.054670
-3.429503
-4.014550
-2.956663
-1.487549
-3.859159
-3.053856
-4.005462
-1.134950
-3.152531
-1.882464
-3.813023
-4.693595
-4.286163
0.795833
-2.073741
-3.073154
-2.924243
-2.553649
-3.646585
-2.738055
-3.043658
-2.487580
-2.085850
-1.956036
-3.131249
-3.748239
-1.990202
-0.828563
-4.521213
-4.765414
-5.199910
-4.323332
-4.019538
-4.440170
-4.717565
-2.504262
-3.566379
-5.785053
-0.956770
-4.143207
-0.974129
-6.232432
-6.437177
-1.976381
-1.037133
-1.695910
-6.321214
-2.425037
-1.387745
-3.617930
-2.364726
-3.546624
-1.931037
0.129284
-4.494853
-9.233461
-2.402016
-5.028883
-3.859125
-4.914119
-4.318033
-5.323930
0.673871
-1.656262
-3.423835
-6.777562
-4.423993
-1.611826
-4.604549
-4.979414
-0.994294
-2.183283
-3.027066
-2.363805
-1.276388
-1.551860
-6.576376
-1.063836
-1.061914
-5.230177
-2.346838
-6.082146
-3.022128
-2.319395
-1.027329
-2.968266
-3.250431
-3.567135
-3.829007
-4.257626
-2.671490
-3.092416
-4.507707
-1.241882
-3.924257
-7.408087
-5.335510
-5.025887
-5.210370
-2.762470
-3.005052
-3.268026
-5.179104
-5.511008
-6.554483
-4.525665
-5.635063
-3.106166
-0.168071
-0.094502
-3.354002
-4.061307
-1.688308
-2.883704
-4.296045
-0.610665
-4.675627
-3.150693
-4.972903
-0.547883
-7.274406
-2.441079
-4.254039
-3.253047
-0.049083
-5.605820
1.291952
-1.252534
-1.294876
-9.050391
-4.003721
-2.074411
-5.762580
-2.131017
-1.390305
-2.175284
-3.614601
-3.112177
-5.253997
-5.931070
2.507843
-4.927053
-1.346279
-2.186961
-2.450635
-2.328914
-3.972115
-2.058391
-2.945854
-6.011488
-3.126792
-2.463824
-1.518252
-6.002933
-3.312107
-7.396302
-2.913176
-5.184730
-6.117959
-3.973226
-4.298770
-4.885087
-6.033168
-0.657404
-1.304811
-1.642408
-6.748070
-2.780215
0.113031
-4.861054
0.496453
-3.835686
-2.910998
-5.533159
-0.573534
-4.660483
-2.811236
-1.847088
-5.548540
-3.717679
1.265865
-6.320751
-4.605650
-4.423512
-1.843154
-5.355431
-2.308762
0.000539
-2.728254
-2.196455
-2.600370
-0.561646
-4.052087
-5.122430
-1.655141
-6.649949
-1.983261
-5.049882
-4.924200
-7.176332
-5.271342
-0.756150
-2.152285
-6.170007
-6.004306
-5.912932
-3.756985
-5.272925
-10.787207
-4.125050
-5.314614
-4.088123
-6.694875
-2.436720
-2.523296
-2.042619
-2.436179
0.320624
-7.014380
-3.362646
-2.391039
-1.908953
-4.916540
-4.548487
-2.698003
-5.226499
-1.903418
-2.563590
-5.781898
-3.427087
-4.518020
-2.658408
-5.157006
-2.282298
-3.075708
-7.068489
-5.551722
-5.072864
-2.060047
-2.281209
-3.462644
-4.971243
-3.313066
-2.219978
-2.341344
-4.234890
-3.155056
-3.968472
-3.857047
-4.078517
-6.705965
-6.690100
-4.954431
-3.201148
-4.301160
-4.281617
-2.788206
-5.427900
-1.683663
-4.445173
-4.707620
-4.195606
0.837178
-3.580958
-7.501669
-3.607360
-3.106106
-1.819676
0.529434
-3.295394
-4.511610
-2.736296
-3.547220
-4.049610
-0.676555
-7.897274
-4.972406
-2.987062
-3.382049
-2.371196
-2.743834
-3.869757
-3.610438
-1.584372
-1.498971
-1.587764
-3.625729
-2.874046
-4.263604
-1.635063
-1.239966
-0.211882
0.855494
-2.500879
-4.429918
-3.037053
-7.416792
-2.927388
-1.773908
-4.455398
-3.256538
-6.651590
-6.501602
-5.161598
-5.426844
1.715664
-3.283139
-5.371161
-1.877914
-4.151085
-5.124622
-3.593405
-3.141062
-4.118776
-6.951059
-0.972094
-3.998559
-1.378861
-4.840038
-3.619274
-6.614042
0.467997
-5.614847
-5.240889
-1.144394
-1.016914
-1.453869
-1.492462
-3.542759
-4.050462
-5.912688
-3.098776
-5.082491
-6.540198
-4.343303
-4.210877
-2.239055
-0.441966
0.137650
-4.221606
-5.452120
-4.051025
-4.498640
-2.831119
-5.712157
-1.818249
-0.724673
-3.000714
0.486526
-2.712835
-2.136153
-1.244751
-2.544899
-4.528332
-5.344839
-4.855789
-2.127369
-1.583448
-5.337227
-4.846708
-7.313033
0.004200
-3.019697
-4.826777
-0.703550
-1.798047
-4.466715
-2.426145
-3.066342
-2.552989
-5.076071
-3.352605
-5.694778
-4.621848
-3.449209
-2.602624
-2.509155
-0.415746
-4.898323
-1.621828
-3.690447
-4.925505
-3.756659
0.533042
-5.371640
-1.259075
-2.728625
-2.871259
-3.211523
-3.578225
-1.658534
-2.986599
-2.398685
-3.604170
-1.717974
-2.388864
-1.509044
-2.895839
-2.554929
-5.038327
-0.547769
-3.081542
-2.460714
-6.355633
-2.988295
-2.668354
-4.596207
-3.708958
-0.054392
-4.668827
-1.713943
0.198814
-5.114018
-3.711707
-2.099975
-5.931156
-3.499022
-3.193321
-3.561476
-3.102661
-2.083318
-3.919499
-1.662325
-0.551048
-7.937311
-6.186377
-4.386940
-2.448484
-2.534618
-6.325392
-3.521595
-4.080842
-6.269488
-4.728591
-0.632310
-2.461225
-7.001160
-2.925391
-3.774696
-1.239631
-1.749367
-3.082724
-0.989660
-1.412491
-4.591368
-5.043331
-4.778560
-1.805927
-3.719315
-2.321563
-0.684436
-2.452839
-4.801983
-5.430215
-0.341661
-4.746723
-1.515119
-4.518237
-3.890113
-2.169622
-2.436585
-6.629534
-1.742958
-5.739833
-2.750607
-3.255359
-0.107974
-2.857155
-4.697663
-5.448095
-3.423002
-5.223592
-4.234272
-1.349889
-4.280606
-2.843167
-0.306329
-0.156663
-3.287284
-1.014224
-2.798190
-3.218080
-0.987708
-0.129012
-4.744201
-3.415901
-0.054305
-4.779411
-5.282640
-5.602626
-1.948886
-3.390293
-2.912174
-4.644544
-2.497846
-2.423710
-0.306016
-3.341340
-2.184381
-4.467481
-1.492611
-2.042077
-5.222138
-2.342308
-0.980063
-4.939217
-0.717846
-5.950856
-5.092994
-3.826617
-5.419571
-0.965829
-3.647881
-4.452111
-0.740557
-2.618733
-5.938779
-2.505199
-7.445791
-2.236576
-9.784533
-1.089068
1.138418
-3.568218
-2.964399
-4.772141
-3.773718
-6.839390
-2.598928
-1.095140
-3.245761
-2.684434
-4.627638
-4.928569
1.073902
-4.426798
-3.793474
-3.478174
-4.144367
-4.886526
-4.782779
-5.161407
-4.338977
-4.522066
-3.698591
-3.589663
-2.975982
-2.613764
-2.301831
-2.335899
-3.743130
-3.515881
-3.555253
-3.863708
-2.724426
-1.064628
-4.432738
-2.097667
-2.692949
-3.276597
-4.744946
-4.964677
-5.482136
-1.711429
-6.228273
-1.530008
-4.107431
-2.624135
-2.005273
-3.038774
-4.653068
-4.036470
-2.304658
-4.271589
-7.044011
-5.135348
-0.132734
-1.991969
-4.482352
-3.254004
-2.710598
-1.916867
-0.940457
-3.129781
-4.030331
-4.283607
-4.080337
-2.127584
-5.649051
0.318834
-8.847057
0.301520
-0.451712
-2.763011
-6.224097
-3.770814
-1.823615
-1.555356
-2.189569
-3.440052
-6.617364
0.145840
-2.742025
-4.480896
-4.312815
-2.562169
-4.198431
-1.405493
-5.798352
-1.963976
-6.861801
-5.356147
-3.392824
-0.790727
-0.221324
-4.612665
-4.111073
-4.448210
-2.378058
-2.924232
-7.522887
-5.005181
-6.038820
-2.908513
-3.478218
-4.443253
-3.899888
-3.243376
-5.779193
-2.692095
-2.579638
-5.215857
-4.402304
-3.244863
-4.331804
-1.917681
-4.987553
-3.422248
-3.163833
-3.521897
-3.700314
-5.850765
-2.345183
0.302984
-4.122035
-3.455604
-2.830988
1.309213
-4.602976
-4.139299
-4.085716
-3.554687
-0.576641
-2.592862
-4.614969
-2.579771
-1.455459
-1.877531
-0.696574
-5.783967
-3.588816
-2.939799
-3.252886
-0.663287
-3.837899
-0.831443
-2.216185
-5.318464
-2.536148
-3.716886
-5.490318
-4.466571
-3.871745
-4.015460
-0.010962
-5.048537
-2.418522
-4.410621
-1.658451
-3.750558
-1.158848
-3.945967
-1.354921
-2.080117
-5.479174
-4.138726
-3.469909
-4.971817
-3.999666
-2.358859
-0.713918
-1.963553
-0.810090
-2.601916
-0.430284
-3.817009
-3.860609
-5.018927
-2.715304
0.531042
-4.747645
-5.098337
-3.430015
-3.244589
-2.969146
-4.377983
-4.095496
-3.070766
-5.895843
-4.832384
-3.385833
-3.993187
-1.291764
-4.919082
-2.779277
-4.891126
-1.930394
-0.744969
-6.093243
-3.334119
-1.075294
-3.645764
-9.218525
-2.620175
-3.510510
-3.495426
-2.235264
0.270020
-6.166063
-2.292669
-4.969233
-5.892024
0.318615
-3.236841
-5.540182
-3.649800
-2.518596
-5.648493
-2.705296
-1.819276
-5.464986
0.113007
-4.553529
-2.776494
-4.786554
-5.883574
-3.186118
-5.440938
-6.793098
-2.517535
-4.850240
-2.822430
-2.386736
-2.683496
-3.468015
-2.696507
-2.606163
-3.769403
-2.732724
-3.870825
-5.874384
-2.767214
-5.818940
-0.801520
-6.890499
-4.230888
-3.895307
-2.537011
-4.700578
-5.236956
-0.353037
-3.143085
-2.768535
-2.633904
-4.441686
-3.646447
-3.682902
-7.422107
-1.484164
-5.110325
-4.662930
1.034394
-4.976933
-4.059398
-2.438256
-2.134578
-4.443905
-2.950371
-2.223539
-2.635949
-1.680773
-1.171818
-4.110610
-5.089185
-1.304637
-3.639410
-4.116193
-6.155571
-3.571170
-2.247838
-4.021558
-1.385961
-3.635201
-4.343352
-5.150165
-5.290577
-4.390163
-5.380687
-1.172929
-5.886529
-0.689023
-6.670088
-7.038737
-4.591539
-1.403135
2.772138
-3.384356
-2.194995
-1.992237
-2.167878
-6.028275
-3.939854
-1.736011
-4.480782
-5.178316
-4.791179
-1.879502
-4.233700
-4.141212
1.413784
-5.615485
-1.724707
-1.803665
-1.315475
-3.969878
-1.463548
-2.900585
-5.549506
-3.063202
-0.784066
-2.667639
-4.632742
-3.671950
-4.995787
-3.680680
-1.926347
-3.440100
-1.506492
-3.404005
-2.843082
-1.176440
-4.347055
-3.918036
-2.523413
-1.806506
-4.705406
-2.692516
-3.191643
-6.140720
-4.039920
-1.752019
-1.237261
-2.919956
-4.135937
-4.152493
-2.407682
-4.684077
-2.674356
-4.667368
-6.691439
-5.150125
-3.526887
-3.825686
-4.762179
-5.840434
-3.037191
0.261124
0.114417
-6.664167
-6.637433
-2.498744
-3.104850
-2.900015
-5.536247
-3.154082
-0.018208
-3.520739
-0.700255
-7.152571
-6.989907
-3.460546
-5.878733
-4.589914
-1.659245
-2.311212
-5.007250
-0.698117
-4.325537
-3.570538
-6.107244
-3.426992
-4.201696
-2.431299
-4.779244
-2.095308
-3.037800
-4.737156
-2.806572
-4.296893
-1.985826
-1.118126
-10.636461
-0.829278
-1.846980
-5.402530
-2.699901
-3.562720
-0.721850
-1.868072
-1.760824
-4.221288
-2.982842
-5.438180
-6.043188
-3.766182
-5.597729
-1.452904
-5.997753
-1.368746
-0.366094
-0.728105
-3.804654
-5.614763
-3.627279
-3.370296
-1.579278
-3.454307
-3.909642
-1.044514
-4.226076
-4.239000
-2.482400
-3.730248
-5.004129
-5.092543
-3.130498
-7.058360
-3.042983
0.644399
-3.822945
-3.922635
-3.451799
-3.484467
-1.623697
-2.499375
-4.046103
-4.077657
-5.122051
-3.230931
-4.502805
-0.602148
-4.364964
-4.084137
-2.409923
2.061764
-2.494871
-0.984158
-0.819605
-4.227386
-3.207445
-3.781835
-2.124600
-3.510484
-7.021287
-2.564704
-1.241354
-0.046225
-4.115354
-6.728653
-3.703007
-3.048036
-6.020361
-3.293487
-0.023527
-3.538280
-4.095393
-3.087195
-0.717192
0.075712
-3.483899
-4.178128
-3.630787
-3.847629
-2.072277
2.383811
-3.942892
-6.060798
-0.063806
-5.048410
-0.870139
-5.056159
-2.094211
-4.150557
-4.042757
-4.903217
-3.499680
-4.316363
-3.369905
-1.943207
0.895578
-4.797709
-2.546471
-2.953124
-1.931156
-3.021922
0.269582
-7.162640
-3.235515
-3.971555
-4.172259
-5.646604
-3.148072
-3.570250
0.769358
-5.688940
-5.161865
-4.854473
-1.150858
-5.995381
-3.794720
-2.083214
-2.833395
-3.599484
-1.443856
-6.127015
0.020706
-2.895027
-0.729409
-4.458273
-3.113827
-6.248056
-3.140666
-3.992324
-5.122856
-4.051580
-1.870160
0.976264
-1.954554
-1.520857
-3.868112
-2.802204
-0.882004
-1.367315
-0.660659
-6.530908
-0.822423
-2.791184
-2.446663
-3.214755
-5.840724
-6.057651
-3.996227
-4.546548
-5.896598
-1.720189
-0.745571
-2.101125
-1.263730
-3.663877
-3.640069
-2.092421
-4.526392
-2.858691
-1.791287
-5.760409
1.902394
-5.245513
-5.328249
-2.983181
-2.561053
-6.484851
-3.313102
-4.021482
-3.130926
-1.316031
-1.253612
-1.501984
-1.209470
-3.948596
-3.228256
-3.712830
-4.005196
-1.325732
-3.937943
-3.198572
-3.835659
-3.383114
-4.839063
-3.684008
-2.097723
-3.563863
-5.750278
-4.341540
-2.743853
-1.796261
