8
2 10 100 500 1000 2000 3000 4000
-0.927675
4.598523
4.457901
0.888571
-1.647137
-0.806203
-0.231702
1.278375
1.281820
0.277260
5.838790
-1.194549
-1.342885
0.511366
-1.627494
-1.399173
-2.093518
-2.041331
0.414774
-1.109759
-0.127678
3.228530
0.054092
2.541487
-1.715595
-2.785928
1.613258
2.170547
0.226455
2.335653
-4.558102
1.953407
-1.255542
-1.806521
-5.405815
-0.619725
-0.081243
0.588511
1.759693
0.542524
0.808970
0.096761
0.316079
1.511223
0.591457
-1.979036
2.781232
-2.703176
-1.847914
-4.066294
-1.547873
-2.633420
-0.722032
-3.290722
-2.508757
1.224921
-1.830145
-0.037542
-1.845062
0.304140
4.306278
-3.183858
-0.917276
-1.850993
4.564143
-0.872533
-1.421787
-1.555364
-0.802821
-0.726899
-4.328108
-0.465862
-2.701541
-4.048712
-2.718342
-2.440103
-3.468588
-0.442877
-5.837513
-1.284547
-3.039213
-5.458492
2.168035
-0.147756
-5.879520
1.507886
-0.552254
-4.481553
2.717142
-2.967593
1.130436
-1.173748
-6.210991
-3.307879
-1.224128
0.276114
1.131750
-0.501596
1.690159
-2.085423
-4.493315
-4.056808
-4.591746
-4.533963
-2.445158
-4.280733
-5.500819
0.488165
-0.845865
-1.469748
-3.766501
0.893419
2.739267
-3.500562
-3.267994
0.511789
-3.235339
-2.850626
-2.082013
-3.389744
-1.512203
-0.159109
-1.211595
-2.313394
1.315848
-0.782032
-0.789969
-0.919042
-2.056053
-1.767093
-3.896660
-3.176881
0.171306
-0.439408
-2.851173
-1.330535
-2.131786
0.289633
3.552763
-3.643833
-1.525812
-3.276575
-5.523900
0.196011
-2.991471
-2.007995
-1.651419
-5.357645
1.215044
1.247420
0.018562
-0.989659
-1.017966
-4.742334
0.105071
1.008163
-0.920096
-3.740299
-3.420913
-2.613657
-3.487232
-2.943752
0.241948
-4.192166
-1.101761
0.378857
-0.885376
1.840809
1.149959
-0.737983
2.726714
3.394505
-2.155740
-2.987491
-0.520666
2.374116
-5.745051
-5.706189
-2.198624
-1.995605
-4.120154
-1.501135
-2.522303
-2.451752
-2.803314
0.552794
-0.676720
-1.404595
0.012475
1.083772
3.538061
0.552829
-0.096014
0.973695
-3.686461
0.629235
-4.860868
-0.841884
-6.712090
-4.220342
1.224759
0.679223
-0.751582
2.696877
-2.824224
-3.067336
1.196064
1.496855
-4.899008
-2.910911
-3.425035
-0.351154
-2.289573
-0.889070
-1.234546
-0.117880
-4.179873
-7.755897
-6.521231
-1.818805
2.386181
-5.254712
0.085747
-0.108646
-1.771699
-5.639794
-2.434353
-4.635312
-1.268297
0.318945
1.520680
1.102216
1.404302
-2.579414
-3.675923
-1.774020
3.667671
-4.679675
-0.364185
1.847519
0.780959
-0.632091
0.688671
-1.385209
-1.745992
3.973664
-2.315084
-4.970296
-5.445550
-1.569742
0.934696
-1.480149
-0.147445
1.204120
4.046713
-2.841359
0.816897
-1.251822
0.371932
0.148356
0.128947
-1.995426
-1.903749
-5.371553
2.159677
1.354697
0.325315
-1.159415
-1.342123
0.520859
-2.371013
-3.986309
-1.200620
-0.954257
-5.112341
-0.948069
-1.044753
-0.351686
-0.807538
3.069615
-1.472074
0.149902
-5.766418
-4.765755
-1.957464
-2.266386
-0.722489
-1.988984
-0.324341
-3.114764
-0.035282
-2.289036
-3.213234
-2.909836
0.353083
-0.468680
0.408719
2.446049
0.161722
-1.866033
-0.943463
-1.519610
-2.484432
-1.575769
-0.371429
-4.297345
-0.498169
-2.520511
3.682583
-2.012612
1.418700
1.222237
-3.717349
-1.283054
-2.922793
2.036741
-1.931343
3.889239
-1.983915
-3.550524
-0.183760
-3.272109
-2.338831
-0.558809
-6.748184
-4.703618
-0.248234
0.262100
-0.883629
-0.923639
-1.148222
-2.171656
-1.247657
0.259932
-0.280552
-2.302017
-4.476852
-1.760018
0.619285
0.311855
-2.323412
1.193163
-0.804789
-1.910436
-1.364555
-0.747313
-3.920658
-2.873364
-2.451904
2.613334
-3.707094
6.970083
-3.430553
-3.703613
-2.450058
-1.406376
1.848145
1.662606
-0.746201
-2.233431
1.083043
-3.361149
2.345834
-4.035125
-6.755553
-0.080358
-2.644306
-3.421672
-0.577393
-0.289887
3.189541
-2.044518
-5.314950
0.471538
-5.476498
-1.707079
3.475349
2.095407
0.437443
-4.460794
-0.104037
0.106503
1.377733
0.560700
-1.695976
-0.111448
3.382236
-1.803771
3.842475
4.968946
-1.617035
-3.429495
-2.682689
-0.771806
-0.915780
1.273728
-2.461202
-1.304771
-2.606942
-2.039969
-1.090105
-2.427580
-0.483199
1.050326
-1.552487
-1.923806
0.249387
-0.560938
1.051644
-2.233930
-1.171140
1.411487
-0.618258
-1.447804
1.605056
-1.782384
-5.084661
0.533167
-1.300726
3.033652
-3.196171
0.242213
-1.331311
0.436420
-2.063031
4.137023
-3.618446
-3.393043
-1.167815
1.231917
1.267269
-4.044643
-2.858422
-4.526685
1.792992
-1.539856
0.207794
-0.219661
0.553032
0.083311
-1.344066
-2.305934
-5.461040
-0.879450
-4.759868
-0.944642
1.421105
-1.334668
-2.714980
4.822041
-0.643067
-1.170760
-3.506139
-1.310827
-2.069089
2.053123
0.429445
0.147662
1.231057
-2.701738
-0.993857
2.329049
-6.643964
-4.162853
0.540396
-3.763825
-2.671078
-2.232726
-0.393087
-3.727740
-2.283279
2.161131
1.016654
-1.297766
-2.717098
-2.631784
-0.923403
-0.804594
-3.085651
2.504631
-1.616427
0.542214
-0.900989
-0.961910
-2.629910
-2.713535
-3.801321
-2.348969
-2.952900
-1.413653
-2.705258
-4.768330
0.429641
-0.462581
-0.144029
1.881756
-0.805065
-1.416486
-0.573707
-3.241658
-0.345937
0.797548
-2.585977
-3.159913
-1.173134
1.188154
0.994495
2.214500
-0.415271
4.939597
0.294095
0.264696
-3.682273
0.753963
-2.463610
-0.729358
-2.518631
-2.331805
-1.253540
-1.101818
0.922153
0.172897
3.674059
-0.932751
-3.219561
-0.459437
-1.110780
-1.754400
-1.019575
-1.007109
4.472912
-1.781794
-1.643020
-3.927655
0.733210
2.694439
-4.357287
0.024017
1.408432
-3.062850
-1.684204
1.967416
0.828980
-0.542344
1.756048
-1.853015
-8.072610
-2.275354
1.310717
-2.875059
-0.977062
-3.196330
1.141453
-2.921010
1.725427
-0.710710
-6.210681
-3.516568
1.272537
-1.511534
0.414733
-1.809236
-0.121079
0.354423
-5.029221
-2.056531
-1.840116
-0.068007
-0.549330
0.223672
1.244251
-1.990602
-3.618613
-0.471767
0.116711
-3.522222
-2.621702
2.268334
0.631216
-2.029391
-1.348778
-2.156010
0.880993
1.682904
-2.874982
-1.588183
1.681903
-0.951382
1.577727
-2.382560
2.011504
-2.883152
1.829503
-3.493375
-2.801030
0.541476
1.644560
1.374080
1.703100
-3.612018
0.354187
0.197178
-2.454315
0.574613
-3.596489
0.479360
2.280987
-3.127229
-1.669630
-2.101522
-1.998979
-4.886548
-0.015155
-4.214862
-0.789329
-3.235422
3.106302
-3.853165
-1.208802
-2.120336
-0.907543
1.261637
0.087143
-2.901686
-1.358642
1.672463
-1.572838
-1.518374
1.560601
-0.539809
-0.292276
3.793024
-2.190162
-0.286322
-0.739909
0.260075
-2.315042
1.486627
1.290034
-2.507181
1.916946
1.901529
-0.718527
-0.312072
-1.376713
-0.706630
-2.951530
-0.377742
3.409545
-3.415900
-2.059934
-1.092560
0.474141
-2.068910
-0.554873
-1.547452
-2.737895
-4.860824
0.277430
3.432731
2.878135
-4.208486
2.122542
0.829633
-3.632469
-0.389869
-2.160566
2.825639
4.431786
0.861790
1.084666
0.512775
-3.669246
-2.394608
0.454908
1.271315
-5.121366
-0.307383
-1.824381
-3.435271
0.332079
-1.888666
-3.977579
-1.148040
-3.090673
-3.494775
-0.395467
-1.990132
4.933287
-1.949768
5.414878
1.130958
-1.289828
3.940902
-0.961821
-1.910996
0.353189
1.956034
0.162266
-2.575812
2.212564
-0.104367
-1.608159
-1.045233
-1.214638
-3.206491
-2.785016
1.021902
-0.019914
0.338102
1.099575
1.039610
0.176344
0.337123
-0.883027
-1.527645
-2.140958
-2.933075
0.450560
1.013213
2.459013
-4.009267
3.081656
-4.684219
0.486612
-5.464413
-2.746936
2.760141
-2.949115
1.752845
2.680776
-1.850675
1.042945
1.609170
-1.035076
-2.667416
1.163675
1.988230
-1.700955
0.700625
1.515296
-1.594926
1.584657
5.164165
-1.253863
0.946995
3.261776
-0.039117
-2.576721
-1.628453
-5.012922
-1.754981
-2.818392
-6.605400
-0.980021
0.209873
-1.427677
-1.008445
3.244888
2.488729
-0.875761
3.092062
-1.700747
-4.078813
-3.746767
1.704128
-1.187157
-0.218070
-2.459710
-0.058347
-2.649113
-0.504391
2.469636
-2.516721
1.485915
-1.493653
-2.862303
1.545760
-3.311025
-0.415207
-4.163947
1.793381
-3.322114
-1.154749
-0.804599
2.287194
-0.428500
0.401224
0.926004
-0.724196
2.164666
-2.315381
-2.438742
-0.430788
-3.085500
-2.525132
-1.766257
-1.418668
-3.495283
-2.979782
-3.743504
-3.375549
0.808144
-0.309604
-0.621036
3.869773
0.779537
-3.155065
-1.219622
0.675819
-0.902297
-1.814480
-3.026765
1.232674
2.226697
-3.409087
1.708612
-0.721790
-3.877159
-6.319415
-3.379613
0.166968
-2.920129
1.263736
-3.401682
-0.606354
-0.208300
-0.688830
2.896296
-1.113372
-0.641916
-6.781043
-1.263138
0.755037
-0.546409
-4.987823
-1.985657
-1.752637
-2.328593
1.897529
1.588839
3.527257
-3.337698
0.564950
-1.031550
-0.209181
0.362624
-1.058570
0.631376
-1.526737
1.251285
-2.520188
1.812181
2.133660
-1.052815
2.682501
-0.342412
3.503799
-4.111596
-1.814968
-0.361761
-2.753265
-4.892374
1.808076
-2.338235
-4.371284
-2.577742
-1.699304
-1.133825
0.500496
-2.525002
-1.126968
-2.796755
1.522544
-3.560478
-1.901896
-2.898872
-0.169903
2.165794
-2.541478
2.978108
-4.014220
-0.018387
1.483580
-0.994804
-4.085275
-2.444656
-1.350823
2.135857
-1.065447
-4.124709
-0.717168
-0.294417
1.381229
-2.047461
-1.465576
-1.402592
-1.979033
-0.328925
-3.489829
-0.468709
-1.994172
2.780946
-0.234807
-0.491801
-2.288260
-3.311734
-1.141089
1.842266
-0.785215
-0.797889
-1.354514
0.957889
-2.713718
-0.469865
-0.378646
-1.667134
1.855510
-3.585738
-1.440194
-1.264210
-5.660770
1.048835
-0.427759
2.739224
0.169468
-0.837602
1.520711
-2.002687
-3.993335
4.026745
-2.207567
2.119074
1.011820
-3.721033
-1.369313
0.233528
3.341290
0.786660
0.773694
-5.472497
0.515586
3.171257
0.518864
1.061628
-4.098053
-0.008617
-0.440425
2.295710
-1.438899
-1.354141
-2.096778
-3.589383
-3.331697
-0.090267
1.874408
-1.560484
-1.182745
-0.492197
-2.701713
-2.591866
-0.193477
1.122449
-2.059046
-4.614343
-3.290367
0.529851
-0.411744
1.511890
-1.469103
0.147051
3.823799
0.384778
1.675866
0.828403
-3.000022
-0.278135
2.137072
0.158043
-5.627607
0.321807
0.896549
-2.263340
-1.441384
0.606452
3.243307
0.308853
-1.831544
-0.214455
0.794837
-2.456576
-2.006220
3.974737
1.161724
4.766045
-2.477404
1.863445
3.191930
-1.967246
-4.254987
2.806377
0.473560
-1.775553
-0.436971
-3.655828
0.137768
-2.217158
0.105605
-1.736727
-3.394993
1.364177
-4.090429
0.622523
-5.219901
-1.481218
0.317403
-2.652372
1.509081
0.207807
1.697952
-3.137646
-0.039457
-0.261461
-5.108809
-1.973667
0.452323
-1.308278
-4.045173
4.061782
2.314331
-1.519254
-0.536452
-1.473877
-1.871638
-2.916655
-1.137686
-0.044956
-2.699628
2.963056
-0.572048
0.823195
-1.593624
0.760567
1.893758
-1.956807
-1.389636
-1.893742
-3.588768
-0.436225
-4.424831
-0.145738
-0.911412
-1.250378
3.554625
4.078383
-2.700536
-1.518424
-3.802072
3.069095
-0.457992
1.417767
0.505431
-1.320003
-2.976377
-0.116458
-0.124257
-1.513115
-2.474417
0.810424
-2.499344
-0.574630
0.554121
-0.507253
1.270441
0.396681
-0.968056
1.374379
2.321971
3.089868
-2.624002
2.341191
2.980279
-1.660509
-0.612736
-3.982909
-0.343504
-3.323513
-0.307255
0.408634
0.057262
1.031431
-2.102478
0.203987
2.299846
0.030834
1.595158
2.619923
-1.851602
-2.086894
-2.065018
-3.562779
1.152194
-5.771657
1.359819
-2.260377
0.554762
-2.926497
-2.599414
-5.152396
0.308870
1.409009
-1.215124
-0.897268
-2.203301
0.382600
-1.568946
-0.689540
4.150095
-2.587271
0.272173
-1.249244
-1.279906
-2.935173
3.831967
3.212215
2.099782
-2.409518
2.199364
0.882311
1.422757
-0.209725
-0.629169
-4.070211
-4.627934
1.214002
1.585625
-0.233541
0.798861
2.290215
-1.641101
3.807466
1.591884
-1.938762
-0.691419
-0.119319
0.104133
-1.440608
0.695262
-1.462897
-0.447570
-4.125775
0.621935
2.212817
-0.891556
-1.656311
-0.013338
-1.097782
0.736543
1.364184
1.037413
2.006974
1.572807
-1.706427
2.570780
-0.586165
0.943378
-2.018811
2.429737
0.088148
-0.404775
-0.408274
-0.918160
1.206063
-0.930346
-1.160912
-2.550130
-3.140955
1.908607
1.765972
-2.986821
1.096097
-1.692683
0.656368
-2.539832
1.620417
-3.916749
-1.732727
0.917930
0.542689
2.657957
-0.738183
-0.468929
-0.794665
1.618324
-1.551518
4.383676
0.958305
-0.431548
1.198432
0.711098
-2.912349
-2.843117
-2.799967
-0.088145
1.036182
0.290438
1.738290
3.355756
1.007068
-1.468955
-2.265003
-2.783864
-0.883655
0.465014
-4.326231
-2.147815
-3.122349
-2.674757
0.023348
-2.743924
-1.577174
-1.361673
1.347432
4.535781
0.113473
0.418652
-2.168116
-0.339336
1.920458
4.653674
-1.493087
1.159747
-0.333027
2.841593
0.135793
-1.852930
0.021664
0.942737
-1.697129
-2.714409
0.856180
-2.734866
-1.569249
-2.227358
0.376705
2.281857
-2.134307
-3.781511
1.149927
-3.696419
0.068193
-2.272236
1.117901
-4.601312
-1.180824
0.290999
-0.328754
-1.001429
-0.464298
-2.638752
-0.940514
-0.187908
-1.166239
2.261283
-1.547960
-0.488751
-1.520457
-0.600977
1.430485
-0.154898
-1.630634
-1.941984
-0.423081
-5.096735
0.819214
-0.076170
-1.590631
-2.794242
1.430334
0.720297
-1.177832
-2.993087
-0.441228
0.879260
1.449014
-0.920746
0.870454
-3.247121
1.159150
-3.268290
2.697188
-1.758251
-1.359713
-1.268590
3.500851
1.238191
-0.242506
-0.847133
-1.226622
-1.271182
-0.715198
0.725678
2.027977
3.107569
-0.841522
-0.957204
-1.854048
0.934803
2.134043
-2.563931
1.995835
-0.059364
-1.662419
-0.055311
-3.943331
2.135976
4.587461
1.677605
2.606294
-1.125270
-2.389461
-0.498812
-3.489748
-1.223789
-0.648940
0.619818
0.198218
3.409812
-2.042428
0.913131
-1.434498
2.675666
-3.732586
0.974485
-1.528574
1.303309
-2.138103
2.576052
1.574454
-0.180196
-0.734496
-2.465647
0.120211
-3.366725
-1.470219
1.073815
-0.098103
0.141433
-1.406011
1.422945
-0.670739
0.449532
-4.993660
-3.093571
0.097043
-2.048803
1.069417
-3.429612
-2.128879
-0.523674
-3.645491
1.606127
-2.621348
-3.312843
-4.248290
0.076248
2.876640
3.639909
-3.364416
1.786686
-2.819096
-0.991700
-1.161969
0.707510
-0.567155
2.056052
-0.844871
-4.621762
0.123805
1.451661
-2.481822
-0.202751
0.608994
-0.305212
-2.946650
-3.499542
-2.300198
-3.117626
-2.128150
2.252133
-2.949150
-0.039284
1.318124
-0.716925
0.444444
-4.779648
0.535995
-1.072478
2.391904
0.798072
-0.162966
-3.250291
3.769729
-0.179978
-1.113712
1.631690
0.082382
-0.604239
-0.012392
-1.145775
-0.935986
0.265127
-1.345571
-3.923652
1.045484
-4.138762
-1.354285
-2.111037
-0.162155
1.986201
0.428864
-0.500723
-0.398899
-0.326447
-3.371150
-2.291453
0.322807
0.668897
0.276807
1.600981
1.799059
-2.306666
0.251930
-1.914483
-0.738545
1.695469
0.146921
-1.198798
-2.973646
2.346797
2.172219
-1.153675
-0.596463
-1.221972
-0.711919
-1.221026
2.837175
-1.527152
1.542274
1.152495
-1.580606
-0.696721
2.926860
-0.271558
-2.803034
0.172732
1.297035
-1.656754
-0.251906
1.690650
-2.104659
1.282286
1.060495
-0.395668
-1.412080
-0.607834
-0.601305
-0.950315
1.208587
-1.803578
0.425672
0.061328
-1.793944
0.975789
0.565586
-2.872973
0.461044
-2.400301
0.364345
-1.704506
-0.726194
-2.597845
-2.385481
-2.637211
-4.409162
0.046088
-2.912542
-2.500389
-1.483488
3.381032
-1.610314
-0.027515
0.658865
-2.383590
0.589881
-2.747001
-4.035074
0.411527
2.031936
-0.915349
0.157218
-0.081311
1.002340
-0.410881
-0.651019
1.812711
-2.325560
0.964019
-0.569679
-1.563331
-2.015218
1.789438
-2.513117
-5.647480
1.721817
0.294132
-1.157458
2.187348
3.360963
-1.182819
1.146736
-0.699773
-3.976694
-1.960322
-2.442591
-0.784713
1.205662
4.158926
-0.123014
0.040509
1.063055
2.098403
-0.526011
-3.059101
-1.667760
-2.824568
-1.677522
0.169290
-0.945402
1.968039
0.427298
-3.648067
2.705894
-0.765031
0.760065
-3.296390
-2.733455
-1.110622
-0.251475
-2.763795
-0.988572
0.844937
0.134185
6.202979
-3.801099
-1.194738
-2.445211
0.347526
-1.091261
-2.536563
-1.035175
-1.407189
0.931196
-3.771826
-3.134175
-3.854046
-4.197117
-1.673211
-2.251652
1.792890
0.501394
-3.663202
-0.489239
-0.446329
0.810158
-1.700428
1.438136
-1.241571
-1.201569
-1.767214
3.008246
-2.770779
-1.311283
0.052276
0.066373
1.536998
-1.087121
1.080388
0.215955
-2.620185
-1.844957
0.656605
1.835966
-2.434813
-1.017956
-0.708056
-1.677351
0.841696
-1.670448
-3.916489
-0.051545
-2.785687
1.225664
-2.888716
1.979227
-2.043388
0.256717
0.216686
-0.940016
1.804111
2.391689
-3.046239
-3.957638
0.187687
-2.283769
-0.200678
3.611985
-2.987866
-0.468987
-1.806853
-2.404341
-2.458575
-4.940416
-0.419959
-2.385174
2.162763
-2.101021
0.660473
-1.074627
0.445132
-1.423424
-0.726260
-4.221107
0.493322
1.532764
1.261521
-2.337485
0.936794
1.207741
1.338161
-0.559308
1.552056
-1.791875
1.269070
-0.589644
-2.723125
-2.411252
-3.398098
-0.246068
0.466443
-2.792634
-0.929723
0.758812
-3.915329
-0.848243
1.305371
-0.191705
-0.894211
-0.132817
-0.554861
-0.011554
1.985119
-1.516648
-4.622920
3.170327
4.498138
0.761728
0.058048
-1.071447
-0.753960
0.091171
-3.247886
-3.763019
1.003380
0.663738
0.361728
3.118158
-2.841231
0.598660
0.890320
-0.734950
-0.761156
0.245086
0.455519
-1.157720
0.798960
-2.502833
2.299363
0.558447
-4.331312
0.350973
-0.398402
1.716110
-1.581722
-1.184035
-1.291901
-0.682013
-3.091889
1.187940
-0.245661
0.778823
-0.187856
-2.375045
-2.427240
0.369316
-0.472521
-5.180836
1.727696
0.636247
-1.401391
-2.821455
-1.216283
-0.883218
-1.708738
-1.189400
1.279070
2.107234
-2.922041
0.212929
1.374458
-0.671462
0.326700
-1.778707
-0.815100
0.147615
1.479647
-0.458666
-4.756678
0.952275
0.299024
1.840318
-2.372690
0.175907
-0.732890
-0.055376
-2.136100
1.679165
0.175108
0.039676
-2.085157
0.366275
0.859334
-3.224097
1.776694
-0.248204
1.237045
0.776591
-1.358161
-2.717691
-1.841305
1.961000
-2.865544
2.094698
-0.443390
-5.610826
-0.203646
-1.440912
1.063563
3.550598
3.623286
4.147228
-0.630745
1.004336
-1.264384
0.519161
0.322572
1.522433
4.955257
-2.962161
-2.244044
-3.458236
2.020223
-2.475371
-1.145232
-1.267607
0.392889
-1.170493
1.053309
-1.866640
-2.178704
0.012388
3.550859
1.996067
1.806580
-0.467477
-2.681180
-2.744059
-0.319936
0.860086
-2.421536
-2.717742
4.091789
-1.312401
1.062555
-0.572644
1.875827
-1.599111
-0.088711
-0.119542
1.642002
-0.952404
2.401189
0.443928
-2.047836
0.576289
-1.031437
-0.913450
0.318868
0.508075
1.274395
-1.202360
1.872540
-0.265406
-1.403495
-2.084121
0.145124
-2.156629
1.597799
-0.563128
-0.481272
-1.690103
-0.705571
-0.105638
-0.158342
1.392516
-0.368994
1.941323
-4.483814
-1.393762
1.370360
-0.155997
0.353246
-1.318583
-0.491299
-2.199962
-1.076347
-3.052594
-0.978078
2.824255
-0.203851
-0.044643
1.834856
0.146040
-1.200871
-0.572707
0.039509
0.705332
-2.832791
-0.940227
-2.469946
-0.085347
0.910567
-1.579827
1.439928
0.071617
-1.732288
-4.289856
-0.743836
1.939059
-1.463770
0.030810
-0.422002
-2.310977
-2.782320
-1.263013
-2.117373
1.501095
-0.021161
-1.078160
0.576230
1.867958
0.351961
1.630771
2.066096
-0.440845
2.782212
0.152614
1.404818
1.256684
-1.740689
-0.205297
-2.747902
-0.944115
-1.286470
1.836790
-2.017001
0.777872
0.375242
0.372017
-0.135163
-1.053592
3.052464
-0.837002
2.611335
-1.535094
-2.723298
-1.539579
-2.104839
-1.923849
-1.937964
-0.506419
1.695542
-0.980173
-0.160285
0.061840
-3.316954
-1.363640
-0.384708
-1.617155
-0.047996
2.175340
-3.863452
2.046609
-1.201916
-1.938596
-0.405653
-2.318244
-0.947830
-0.436991
-1.017735
1.908222
-1.862562
0.267233
2.678863
-1.521647
1.330223
-0.211250
0.071583
-3.018707
2.575780
-0.113702
2.263939
-1.102640
1.245254
-1.153721
-2.498782
-0.864910
-0.976833
-1.580054
-3.889467
-0.460951
-0.694536
3.654986
-0.114665
-0.725988
-2.378736
1.031169
-0.957239
-3.208918
0.106370
-3.087899
-0.957644
-2.506690
-1.604693
2.437548
-1.470680
-1.788980
-1.574141
1.017596
1.487194
-1.577494
1.787201
-0.160488
-2.852317
-0.644050
2.858888
-0.739186
-0.330090
0.482306
-0.745431
1.124555
-0.757221
-2.374088
0.814892
1.721960
-0.390681
-3.517540
-4.363020
-2.391954
-1.873742
0.163956
-1.345281
-0.605333
1.176637
-0.090945
-0.430664
-0.789997
1.322695
1.984730
-1.971071
-1.041007
-3.559631
-2.387601
-1.572229
-2.083250
2.539035
2.959032
0.124709
-1.004020
-3.817441
-2.537328
2.831520
-1.262865
-3.962712
-2.309724
-0.371383
-2.550153
-0.851940
-1.385726
-0.776939
-0.465135
2.848523
2.226057
-0.942481
-1.800790
0.063113
1.870348
0.186560
-1.354845
2.221880
-2.465760
0.785249
1.134527
1.287133
-1.333877
-1.628955
1.919488
0.321526
-0.202808
1.627388
1.618588
0.252728
1.374116
-0.734616
0.390368
-1.452976
1.779563
-2.042046
0.219645
-3.594378
1.237956
0.819291
-2.534050
0.529751
-0.327532
-1.445822
-0.763622
-0.217957
2.383440
1.427232
-0.158500
-1.339026
-1.287860
0.029167
-4.339411
-3.564997
2.236374
-3.833928
-1.918897
0.642911
-1.254690
-0.689374
-1.068898
3.652364
2.439509
0.200672
0.897597
-0.879001
1.130340
2.833200
0.941532
0.204824
-0.523572
-0.808588
-0.909240
-2.483814
-1.422524
-0.208440
-0.148051
-0.054112
2.663647
-1.065401
1.784599
-1.802552
1.247381
-1.949455
2.173910
0.333213
-1.327569
-1.363105
1.326204
0.809912
-2.847920
0.730159
0.917178
-0.180544
2.748410
-3.683141
-0.899585
-1.468612
1.165143
1.104586
1.876102
4.056171
0.733007
-4.028266
2.808866
-2.984201
-2.940151
-0.417933
-2.818910
-0.377764
0.372624
-2.845129
0.086465
0.362902
-1.540596
-1.196537
1.265529
-0.328253
0.670857
-0.821007
-3.392812
-0.933240
-0.733616
0.644836
-0.175221
-0.650334
-0.953904
-0.541767
0.856101
1.295017
1.852336
-2.431882
-0.000202
-3.276855
0.937146
-2.230084
1.905321
0.706700
-2.284581
1.817072
-4.337527
-1.203002
-1.953233
-1.240123
-0.000601
-2.205305
-4.214652
0.520159
0.058532
0.197498
0.109169
-1.600799
-2.740108
-0.389567
0.179292
0.915662
-0.026629
-1.728086
-2.461690
-0.436416
1.308052
0.260648
-0.915551
1.994962
0.432703
1.462303
-0.248986
1.434182
0.527623
1.110011
1.591339
-0.373830
0.608610
-2.774263
2.420966
-0.185269
-4.231781
-1.297453
-1.017256
1.610373
-0.055348
0.347659
-1.887649
-0.385338
1.541389
-1.190233
0.550503
-1.089358
-0.534602
0.148391
0.759187
0.149179
0.361372
-0.239225
-1.567883
2.692305
1.493894
0.305984
-1.187362
1.752028
-1.988469
-0.905639
-2.809932
0.852654
-0.045958
-4.426434
-0.663824
-0.183609
0.987199
-0.087047
0.264532
-0.955842
0.171864
-1.880323
3.455621
-0.745724
-0.657940
-0.650074
2.507878
1.132718
-0.991659
3.895535
1.996920
-1.917798
0.682533
-1.322746
-0.348889
0.254004
-0.189905
1.490842
0.403138
0.168357
-1.236115
1.979472
-0.308554
0.914700
0.898760
1.502294
-1.499965
0.105179
0.792713
0.243335
-1.006930
-0.529749
1.250669
-0.768874
-0.245734
0.892081
1.071624
-2.919111
-0.135734
0.506168
-3.693499
0.652272
-1.038187
0.615221
-1.873682
0.167884
-1.805735
-2.991722
-1.252706
-1.123608
0.225531
-1.025432
-1.189084
-0.966262
-0.336053
2.509793
1.082884
0.529244
0.011173
1.738192
1.667007
-0.220761
1.183567
0.772753
-1.088034
0.696402
-0.804658
0.134939
0.479970
-3.085367
1.313279
0.513445
2.066520
-1.820867
2.564985
0.185182
-0.091575
-3.852423
0.083279
-0.696417
0.866544
-1.559065
3.598295
-1.906054
0.793223
-1.015826
3.883928
1.867967
0.649068
1.004914
2.068119
-0.173446
-1.284308
1.001296
0.841195
2.623531
-1.222126
-2.409116
1.793303
2.691436
-1.855138
0.081099
-0.081628
4.390797
1.904416
-0.644427
-2.638895
-0.185389
-3.243340
-1.534955
0.100123
1.596772
-2.657085
1.193951
2.168021
-1.410089
0.678890
0.019720
-2.108233
0.800349
1.997667
-1.529786
-2.869998
-0.285198
-0.770768
-0.963588
-3.616205
1.001509
-1.229608
0.374527
0.259191
0.717934
2.395910
3.640997
-0.993265
-1.335860
2.786769
-0.443974
0.701558
0.550357
2.657324
0.665294
-2.734123
0.780973
-3.579124
-0.884702
0.736368
2.698684
1.405175
0.852199
0.942353
5.020482
0.838253
-0.762383
-0.747181
-0.236013
-1.865127
0.766374
0.975816
1.419686
-0.883477
-0.239789
-0.374279
0.366381
-1.378341
-3.024085
-4.186412
2.100811
2.173987
0.578123
-1.289882
2.882794
3.659187
-2.164182
1.090758
0.796923
-0.733670
0.817803
1.838442
-0.488132
0.058796
-0.550612
-0.696760
-0.192185
3.952453
-1.907569
1.802531
0.756989
-0.440526
0.444129
-3.037707
2.231465
-0.489133
-0.553535
-0.507463
-0.423678
1.337428
4.271847
1.178849
-1.548894
-0.839362
-5.580843
-0.016924
4.716150
-0.684947
0.742177
1.120554
-2.668546
-0.668515
-1.511027
1.042027
1.481488
1.311556
-1.744737
0.588595
2.341480
-0.194789
2.672557
-0.614676
3.199550
-0.916646
1.023951
1.144947
0.719504
0.257187
-0.239303
-0.395979
-0.393419
0.392262
-2.305206
0.508306
0.254732
2.962514
0.313677
1.158739
2.008014
-1.332397
-0.377243
-0.528649
-1.398801
3.028160
-1.875146
-2.073217
2.202373
1.079938
-1.012343
0.330292
2.024231
-0.781718
-2.566904
1.277930
0.029021
-1.889035
-0.701918
3.216762
1.964539
1.697633
0.828403
0.891112
2.640274
-2.620971
0.107720
0.835739
-0.294443
-1.952800
-2.131033
-1.524203
-0.991678
0.826582
-1.098585
4.005377
0.038426
1.816838
2.325101
0.935736
1.184454
2.814052
1.630706
2.540909
-0.038026
-2.611698
-1.967290
-1.713795
3.879000
-0.496114
-1.282696
0.810122
3.240923
2.112922
0.272777
-0.432375
1.333536
-1.662744
0.322041
4.164930
0.605023
-2.004779
-0.005755
0.852203
-0.451658
2.583801
0.266970
1.101658
0.105126
2.897028
2.166844
2.437825
2.346370
3.052708
0.228110
-0.500189
-2.702745
-1.098496
1.750552
1.889456
-2.455422
-1.644870
-0.271911
1.351251
0.713670
-2.545832
-1.489827
0.235285
3.746668
-0.286086
-0.292501
-2.918529
2.145034
-1.870121
-0.932362
0.718853
0.142302
-2.187392
-0.121519
-1.434686
0.179273
0.921346
-2.541775
-1.760543
-1.643372
-1.855727
1.075611
0.270066
0.048795
-1.111191
0.435632
3.285094
0.403430
-1.645169
-1.525135
-0.106674
0.186345
3.462211
1.907528
3.559226
1.502526
0.633718
-0.280938
-3.861084
1.313973
-0.549689
-0.883622
2.773327
3.276348
-0.263043
-1.472268
-0.966624
-3.155017
1.278271
1.366297
-1.047861
0.426469
-1.719187
-0.484170
3.934116
1.976554
0.867451
1.232090
1.324062
1.279473
-0.652262
-0.265230
-0.652170
2.761413
1.859097
0.060498
0.595391
0.015316
0.427429
-1.598182
2.098018
0.933992
-0.199003
-0.488715
0.140741
6.526367
0.145925
0.999517
2.432951
1.082113
2.503183
-1.217420
-0.568437
-1.165439
3.421431
-1.609961
0.979309
0.255269
4.102030
1.517958
0.685718
0.081670
-1.589514
-0.800485
2.222465
0.603301
-1.062329
2.253117
3.486615
0.129561
0.416827
-1.356368
1.918546
-2.318193
1.814692
3.527616
1.874987
0.795975
0.250185
2.254288
0.834030
3.931026
-0.807404
-0.045191
-0.307503
-0.080171
0.680689
0.419254
1.353447
-2.590615
5.050023
1.352465
0.231446
0.390786
-0.011792
-1.427877
-0.535207
2.387806
-1.201291
0.667980
2.366859
2.051254
1.371711
0.425021
0.452731
1.496043
1.434104
1.504760
3.242199
-2.108134
2.799776
0.309771
1.820861
4.698638
0.881502
-1.162445
1.376821
4.010096
0.075672
-0.174072
-0.691906
0.240742
2.075727
3.456214
-0.199630
1.742383
0.514050
2.640923
0.791412
1.679553
2.289989
2.157920
-1.087061
-1.319901
0.854522
2.369727
-0.089604
1.109099
3.089686
-0.522946
1.223519
-0.627346
-0.630134
3.286618
0.843277
0.558635
1.753884
1.721711
3.154001
2.400849
0.875276
0.178495
-1.148473
4.496252
1.164013
-0.046241
3.325262
1.447899
0.356499
2.796674
-0.772361
2.085008
-0.153619
0.593709
3.145544
-1.271045
-0.847801
1.289424
1.546013
1.699749
1.867727
-0.003140
-0.479895
0.140872
1.835600
3.576718
2.196046
3.345984
-2.805512
3.148509
-1.134539
2.550624
0.784256
-0.854667
3.028372
2.755785
3.492237
4.518588
1.307231
-2.424840
1.229299
2.031034
0.131910
1.803205
2.453732
-1.126920
0.657166
3.268417
3.534480
1.962742
-0.408760
2.315745
0.672010
-1.057140
1.239379
-2.320042
0.623453
4.220555
1.130394
1.867830
4.560638
1.971558
3.338132
4.753067
1.911624
4.758350
-1.201662
3.228422
2.159636
1.378434
0.187268
-0.952708
2.030484
-0.047280
0.851062
1.104577
-1.435119
0.329120
-1.807404
1.121971
-1.096028
-3.082892
5.470008
1.469676
2.090990
1.613709
0.546239
-1.363677
0.665043
1.717883
4.994740
0.772117
1.440897
0.548840
2.093274
-0.593863
0.294576
1.555105
3.242553
-1.818487
1.455338
-1.742942
0.293957
3.450979
1.634038
1.190305
2.571946
1.283890
0.984529
0.660965
2.523737
0.501125
-0.891572
-1.258745
2.941512
0.006330
0.255782
-0.888350
-2.817737
0.161728
-0.093483
-2.966053
0.632211
-2.924584
1.037176
4.323161
-0.850762
3.663167
1.057285
2.417947
2.378726
-2.691926
1.197289
1.320798
1.955672
1.562489
-1.571966
1.202371
1.357282
2.126312
-0.754399
1.233046
-0.137494
0.296563
1.890415
4.522295
6.504889
0.854365
3.528717
2.954395
3.971103
1.699903
1.178958
2.752254
1.467313
0.676654
0.150832
2.876905
5.070130
-1.085526
-0.282109
1.398431
4.190057
1.200940
1.811583
0.800278
-1.477147
2.251763
4.216949
1.791955
2.451657
1.958234
1.738974
2.735451
2.688919
3.552317
2.609282
4.765156
6.393508
1.394494
4.826407
1.308163
1.253143
3.846373
2.282816
2.718493
2.764533
0.049002
-1.612701
-1.911488
4.498475
1.715596
2.519532
1.239105
-1.752547
4.102170
-0.274652
-0.037065
1.292336
1.132781
4.546040
1.562495
2.650614
1.202850
1.043781
1.341585
3.579385
-0.947541
0.195623
2.111437
0.694834
3.111958
1.360579
0.940251
0.661705
2.824000
1.423252
6.603173
2.322970
0.799851
2.747681
0.982735
0.547428
1.530886
2.006251
1.679687
4.057772
-1.407295
3.140664
1.790854
0.344418
-0.130460
1.642445
1.383627
1.778524
2.480314
0.451112
0.707029
2.874821
0.306846
2.444186
0.401768
5.068600
-0.528984
1.747500
0.656082
1.577518
-2.050523
-0.622142
2.242586
-0.017598
3.154102
5.946849
-0.587314
1.088130
3.875705
4.844655
3.920169
0.661883
2.939095
3.207345
3.564970
0.446416
0.789369
2.242832
1.100624
4.956449
1.064713
1.488125
3.380673
1.529461
7.401298
2.685729
3.431269
0.919954
0.283479
2.677812
1.917078
6.936101
5.087749
0.204186
5.094526
2.758041
3.519763
1.265613
4.792229
4.577148
1.345925
0.113064
4.341239
-0.593138
2.846774
4.866358
3.804726
-0.753908
3.124086
-0.141125
1.913397
0.483253
1.476151
-0.444706
2.585603
1.154020
3.371919
3.204863
1.800205
-0.644311
1.997620
1.210719
1.894980
-0.114094
8.040730
-1.545525
6.652024
1.735653
0.169469
2.892872
0.669394
1.757330
3.210308
1.455028
3.200037
-0.538956
1.773480
1.956102
0.184027
0.335658
4.061601
4.313689
3.761031
1.412411
2.931550
0.334948
2.857685
3.631527
2.915305
2.543273
0.977052
1.001890
2.859612
2.838802
0.372764
3.174292
0.104567
2.145174
4.174646
4.543860
1.847746
-0.343622
1.463727
4.691928
1.739984
1.615930
-0.543573
1.993054
3.057178
1.396624
0.692433
-0.897151
-0.544650
5.190859
1.388083
0.733244
1.841227
3.595756
1.443965
5.750897
2.613074
4.150198
0.502140
1.581770
5.308849
1.768985
2.958778
2.001489
2.147619
2.137135
4.496551
-0.364476
0.518780
2.364841
-1.238231
2.617189
4.959788
-0.025667
5.487427
2.033179
1.636154
2.801058
2.288007
3.111115
-0.806615
3.134357
2.629054
4.296334
2.377969
2.586946
1.361668
1.943594
1.386365
3.135362
1.048795
2.151027
3.811935
0.473024
3.887784
0.899693
1.078210
2.189106
4.538800
3.137862
1.083354
0.702179
2.266336
1.725376
2.894190
1.467880
3.936287
5.452119
2.787615
4.944779
3.127621
-0.781161
3.717525
2.752679
0.871292
2.528138
0.887967
3.371308
1.020599
-0.428819
1.549965
0.467155
4.426349
-0.697057
1.422408
6.181066
1.161318
0.933925
3.376104
0.415153
1.114400
2.156179
0.745289
2.601293
0.979699
1.116259
5.587744
3.170106
3.915541
2.903249
6.423029
3.361671
2.664112
4.849730
2.407371
0.223249
2.178405
4.905701
3.355139
0.573495
3.283551
4.855907
0.035230
4.628618
-0.155449
4.466565
3.382641
3.420884
-0.487333
0.295426
1.173589
1.078546
2.928732
2.052825
2.842316
1.296273
-0.467756
4.221811
1.423450
-0.468191
1.607213
3.191401
2.283443
1.485683
2.615294
5.533391
1.548955
2.512032
2.693901
1.709045
3.902540
1.384980
0.509041
5.103193
3.136162
3.618616
3.200834
1.028811
3.227715
2.850128
4.775649
1.568139
5.618762
5.731445
2.473284
3.870334
3.370310
1.745254
-1.221404
2.634222
1.681600
2.889290
2.765360
2.615875
1.642509
8.000110
1.797672
3.764725
2.420834
-1.107721
4.337675
2.453369
-0.684313
4.107934
2.041673
2.473942
1.197133
3.266338
2.558787
4.993997
1.950971
4.246302
3.643893
4.091317
4.465203
4.911656
3.276886
2.468693
2.971128
1.109556
2.516731
6.108823
4.314866
0.017536
-2.299664
3.083934
5.325468
-0.130973
1.911718
2.849300
2.862476
1.192834
1.962682
0.876322
4.118126
1.059357
3.959228
-0.080749
4.532229
4.102699
-1.867862
2.204992
5.475592
1.177762
1.968076
4.532130
3.952938
1.033598
4.768873
4.212811
4.958347
1.523860
-0.025297
2.832389
1.543125
4.580867
6.443399
4.765697
1.363963
1.536461
2.254449
0.202475
4.012286
4.172363
2.401689
3.788611
1.548432
4.328960
0.513787
4.346500
4.394294
1.674217
5.187875
0.585568
3.029661
3.910958
5.765080
2.156353
4.012119
2.254755
3.411367
4.785750
2.524745
2.672250
1.580211
1.818863
4.195651
5.390132
0.374884
1.243733
5.971838
6.294046
5.135582
-0.351661
5.424733
-0.355292
2.521742
3.753439
3.606625
2.317739
5.027589
2.442129
-0.447145
0.375444
4.236959
3.169428
-0.127265
3.278020
9.252645
1.209967
-0.604502
4.259262
3.532620
1.712400
0.277806
6.160430
2.394054
0.475599
3.954522
3.268712
0.546150
1.358037
4.726853
2.813305
0.018069
2.477897
2.019392
1.975550
0.707135
1.226154
3.593217
3.508947
1.678799
3.901000
4.895292
2.629443
2.102619
-0.280383
3.397897
2.688156
1.584450
1.854182
3.747036
0.512064
1.395984
-0.781989
3.031954
0.066617
6.100826
1.161852
1.675653
5.624415
5.648217
5.232825
3.381040
-0.393846
0.272613
4.277606
3.298825
2.150582
0.750447
3.049272
1.819820
6.791918
1.779070
2.482187
4.512156
0.566203
0.547447
2.542095
4.162745
-1.801935
5.453832
2.805955
3.348535
3.003405
1.448730
-0.451073
3.767793
1.902457
-2.252480
8.328521
0.899683
4.660689
3.356889
-2.085897
-0.419901
1.677840
4.222147
4.351481
1.880580
5.272618
0.759946
1.990669
3.773426
0.022681
1.379269
1.535034
-0.759604
1.744560
3.070714
4.177095
-0.706987
3.458703
2.033340
1.110731
6.628564
2.476748
-0.759847
1.541044
7.605225
2.444905
3.444829
4.694589
1.980323
1.980315
2.662378
4.605934
1.378563
-0.858891
4.289891
4.221528
1.357855
2.674866
5.277672
1.249671
-0.093326
1.159905
4.285219
0.281198
-0.758934
1.527602
4.480136
5.970506
3.594024
0.555552
-0.168487
0.988450
3.433644
5.834056
-0.878873
3.189464
0.392082
-1.017267
2.860027
-2.131205
1.694805
0.000451
4.085400
1.999101
2.216077
3.102582
5.130703
2.571085
1.022860
1.851785
4.057236
5.470156
2.123938
2.891024
3.223682
0.317293
1.495128
2.850881
4.180511
1.503324
4.347369
5.513214
1.171032
5.196232
5.691099
2.723675
4.791761
1.855207
-2.144238
5.969007
5.310842
3.702899
-0.349765
2.875893
2.929242
2.012233
0.574140
5.654026
4.782308
4.359506
4.462157
3.663955
1.554479
3.160470
3.230763
5.572488
0.372720
3.145601
1.908991
6.881171
1.371733
4.082400
-0.107699
0.430149
2.500999
0.410255
3.893607
3.550602
5.570798
1.389751
6.172985
6.040211
4.771997
1.222858
4.035580
5.033072
2.962396
2.562985
-1.636978
1.631260
3.139984
1.528234
4.190879
-0.078999
6.079523
6.215121
0.202235
3.375451
6.261139
3.163225
0.250405
4.055659
6.147468
4.597188
-1.219488
0.522582
0.072680
2.814533
-2.459337
1.850053
-1.950853
-0.191133
3.935513
3.817681
5.554332
0.601901
-0.427110
4.264963
4.200811
3.313476
1.066886
1.083500
4.426993
2.281390
4.417114
3.175903
0.369894
4.638075
6.017532
4.179389
2.846960
3.865630
1.509310
4.459188
3.977904
1.424523
7.007515
-2.611288
3.686759
-0.177354
1.452744
5.193036
3.779809
1.677153
2.120796
5.327985
1.473893
1.537492
1.869574
3.158772
2.402639
3.386350
0.392969
3.367633
6.143239
4.107313
-0.166986
4.897388
5.280448
3.301943
4.572675
0.593568
-0.224082
4.818304
-1.196880
5.106006
1.574191
0.526479
4.501143
2.885652
3.386173
2.777103
-1.617117
5.933595
1.731307
0.144332
0.861181
1.809664
3.280943
6.854437
2.043272
-0.928989
-2.357795
2.488537
2.924850
4.879831
4.090874
-0.172356
2.632297
4.697924
4.900000
2.801918
4.034142
3.985830
0.811940
4.083128
-1.223569
2.332995
2.051862
0.856874
-1.202817
3.405690
5.357375
1.646417
3.167943
4.695235
-0.163702
0.229455
4.008965
-1.930845
0.632822
2.067748
2.995346
0.273623
5.333971
0.431304
5.254602
6.673709
1.724970
0.672565
2.577893
1.807510
4.327451
4.100906
3.994545
4.405285
-0.194151
0.877785
-2.110484
1.544399
5.683697
2.391597
2.779452
3.265695
2.462722
1.334378
-0.030324
1.607823
0.610559
1.925685
4.220695
3.757018
0.955058
-2.778807
1.971318
3.795550
1.226832
3.371658
4.856236
4.400160
-2.228876
3.399755
2.852014
2.413062
3.044019
4.261876
-0.169144
3.583553
4.159686
2.916683
-0.006540
3.927639
1.253705
-1.227843
-0.182422
-2.663536
4.052855
2.422091
6.314169
1.495339
2.792529
4.111400
2.874968
4.581144
5.805862
6.293304
2.171348
1.741370
2.857779
2.236674
0.540700
2.540593
4.241199
-1.021850
-1.692873
0.414579
2.949018
1.609567
3.619308
-1.724412
2.636823
1.867130
3.174606
2.002710
0.572825
2.264304
3.489692
-0.176795
-0.183494
2.998159
2.596878
1.592505
2.681596
2.049436
4.971450
2.572154
-0.163218
1.202392
-1.913052
-2.390398
0.217456
1.618597
2.919660
4.739055
2.979880
-1.659536
1.683814
5.377718
2.706817
-1.574116
4.281598
1.950830
-1.320496
0.193244
4.057020
1.318168
-1.670744
-1.498521
2.537904
-2.179885
1.283502
2.430888
1.029802
0.288836
0.256450
-0.456042
2.252013
-1.992006
2.751211
-0.181323
2.254650
0.331269
3.729999
3.650085
3.034762
2.342127
-0.188394
5.358336
4.893795
1.087329
-0.187822
4.429694
-0.166945
2.666268
-0.238250
-1.877406
3.806285
3.977587
4.061041
-2.621874
3.931293
1.256649
-2.606113
5.935209
3.051818
3.267168
5.969151
4.849382
-0.175221
6.524596
5.504520
-1.163970
-1.180153
2.593325
4.069798
3.581497
2.017800
2.685431
1.911065
0.483223
5.584835
-1.190176
1.543381
0.123847
1.959646
0.751071
-0.163687
2.737164
1.565279
4.187750
4.112821
3.060058
-0.182753
2.711966
4.856184
3.330774
4.022806
-2.639063
4.472663
-0.182422
-0.199343
-2.170267
1.603813
3.492727
3.083130
5.869199
-0.422323
-1.510540
4.451640
3.747740
1.305645
1.860591
-2.695527
2.575397
2.875508
4.214095
3.016993
4.131634
2.957077
1.563896
3.952833
1.297772
2.829448
1.512679
5.453531
-1.329165
1.291885
-0.171269
2.747069
2.594630
1.899186
1.180269
3.156981
2.675531
0.072057
2.933900
-2.674873
1.033102
2.352591
1.555095
-1.181477
1.547712
2.302937
0.998302
3.781740
2.058682
-0.908361
-1.340283
1.717607
-0.177838
1.196365
1.246337
3.727514
-0.902906
4.057740
0.196432
2.840128
4.293982
4.545359
1.691909
5.923642
-1.349224
2.893454
4.190116
2.991941
-2.640692
2.817359
1.801232
1.928650
3.164949
3.352662
-1.676024
6.903058
4.202938
1.836145
2.593945
1.583655
2.495993
3.081791
1.978832
3.343705
0.576446
2.035971
3.095146
3.057539
-0.171583
4.096785
0.799830
4.713743
3.712197
-0.475760
3.468237
1.851019
1.601806
2.728917
1.549526
1.913587
-1.929578
0.564955
1.594676
6.015143
3.928947
-1.687925
4.982316
1.742593
4.164921
2.241408
-0.176311
0.804922
-3.002033
2.575329
-0.179342
1.626570
2.069786
-0.168957
-2.654203
-0.938600
1.605504
1.616007
-2.509415
-2.457511
3.264756
-0.170470
-0.167858
0.837624
2.265696
2.939996
2.044891
-0.776703
-0.900081
4.012546
1.544847
3.063551
2.210210
1.832043
2.101869
2.483367
5.182770
6.638147
4.029103
-0.190492
2.988028
1.828966
2.277657
-0.187620
4.234422
-1.733551
0.996009
-0.185663
3.829037
-2.651239
4.734682
-0.925412
1.234269
0.116399
0.266363
1.516131
-2.617196
3.578717
2.775040
-2.620677
2.882535
3.098286
-0.176669
6.038814
-0.180124
3.948728
3.158112
2.767647
2.689687
-0.180265
0.821136
-0.174187
1.629160
2.008735
3.105566
3.106909
2.200162
0.805310
1.753941
-0.188376
3.014328
2.058376
2.973470
0.759307
2.734161
2.516984
5.264614
-2.621710
2.997031
-0.471524
4.195349
3.710248
-0.170559
-2.125899
0.078030
2.040660
0.225723
2.581728
2.510513
1.782105
3.704912
1.765361
-2.477380
1.557867
1.557318
2.623652
3.278651
2.608842
2.964014
-1.699024
1.444315
-0.469092
0.785176
2.601054
-0.172515
1.975485
3.049386
4.089348
3.040086
1.767917
3.294040
2.617496
2.568532
1.546601
2.261292
1.830075
-0.187977
-0.190307
2.859236
-0.925156
3.535891
-2.686156
-0.183651
-1.741882
-0.910682
4.537360
4.193937
1.023066
1.884313
4.086507
-0.906832
-0.195773
-1.701780
2.660404
0.519471
2.214154
1.603756
-0.166284
3.406384
2.878545
1.568205
5.764307
2.580890
1.569267
2.709652
2.266095
2.613982
0.598973
0.879805
-0.188218
2.465351
1.265018
1.894567
1.608377
-0.928989
2.993175
3.337704
-2.600361
1.598530
1.591502
-0.180910
2.980294
-0.918817
-0.185065
2.990185
-2.681261
-1.203665
2.041519
-0.177653
2.607744
-0.185080
2.312330
1.573239
2.869742
2.320389
2.599143
-0.185848
-0.071959
0.869834
0.121744
1.628203
3.981255
4.179759
4.045114
-2.704741
-0.178197
0.116068
2.355031
2.036295
0.600606
1.588441
1.854013
-0.176492
1.860507
0.549286
2.622763
-0.180437
1.775419
0.099378
-2.646563
0.119207
2.339725
1.887731
1.292722
4.357511
1.114673
0.859509
1.898973
5.636274
-0.459992
-0.188578
0.884664
1.563795
4.326374
-1.680167
2.215425
0.858424
2.531620
-0.908687
-0.171185
2.377661
1.588159
-0.178325
2.657580
2.579104
-0.917127
4.456923
1.551713
1.370199
-0.186294
-0.182382
1.728080
-0.180638
4.766787
3.425409
1.857860
1.582779
1.577095
1.605204
-1.901246
-0.174713
-0.907892
1.299122
1.576627
1.816017
2.047810
-0.912556
1.584125
2.469272
3.379165
1.861151
3.215313
3.095953
2.476506
3.373179
3.195843
2.645628
1.577174
-0.045342
-0.188648
1.578910
1.648712
2.950315
0.892768
-1.876526
-0.191548
3.876399
5.084968
1.896449
2.357578
-0.175655
1.572442
-0.168460
4.175996
2.576886
1.566210
-0.175206
3.067399
0.286319
1.652636
-0.175114
1.841317
1.257285
-0.912032
-0.196216
3.038840
-0.183978
2.792203
3.517288
-0.190320
3.170649
2.673410
2.960587
2.746940
3.056276
-0.461814
2.295823
1.885081
2.585948
-0.170390
-0.175771
0.822066
-0.166246
-0.906888
-0.455436
2.631502
1.600965
-2.523393
-0.175554
-0.188091
0.796930
3.947111
3.582774
2.562340
0.073368
1.605394
1.601213
1.849055
0.892360
1.885081
1.895722
1.831189
-0.179384
1.603206
-1.199431
3.761507
1.984591
2.521828
2.637925
-0.183422
1.579126
1.608759
2.211641
2.090425
2.440806
1.597056
-0.706565
-0.185865
-2.667556
-0.910520
2.587733
1.593734
0.844764
2.557628
-0.919233
2.612590
-0.165774
2.644705
0.787214
1.600321
0.552387
2.632455
-1.186222
-0.173794
2.362936
2.418081
1.567250
0.594453
3.024273
-0.922941
1.894998
2.589428
1.768240
5.530829
-0.180095
3.508214
-0.468493
0.272317
3.251201
3.034966
-0.175255
1.873370
1.587893
1.564020
2.596577
-0.177510
2.630135
3.315402
-1.912169
0.826210
2.623859
2.054150
-0.178069
0.891653
2.658058
-0.182608
2.577208
3.633692
1.572498
0.589478
0.876813
0.607724
1.631410
2.037231
1.587020
1.589069
2.556205
1.880341
2.049911
3.177537
-0.188992
1.250783
-0.198431
1.018684
2.231194
1.888415
-0.176383
-0.172398
1.315605
-0.918026
1.609004
2.573105
2.055977
-0.928357
0.888457
1.612370
2.065895
1.847217
-0.925368
2.038467
-0.188992
-0.917918
-0.188806
1.560110
-0.176755
2.600636
-0.185392
2.765714
2.944587
-0.918280
0.073429
1.853415
1.567085
-0.185663
-0.914447
2.608488
2.129372
1.894269
-0.172814
2.615764
1.623349
0.114258
1.882305
1.327249
2.292181
3.310600
0.850834
-0.184065
0.026853
-0.469398
-0.182723
1.860507
-0.174489
0.636498
-0.169173
1.831105
1.635830
1.584749
2.609492
0.802317
0.525395
0.595537
-0.924631
1.654220
-0.921266
1.903675
-0.174639
2.555702
-0.171984
-0.465460
1.882046
1.618236
0.593501
0.596169
1.846617
-0.167586
2.620691
-0.191420
0.892257
2.061343
2.328454
0.801545
2.608917
2.068713
1.592965
3.639050
-0.184137
1.606134
-0.179008
-0.187479
0.844795
-0.174498
2.587096
0.813837
-2.432341
2.081625
-0.188677
1.875767
0.888408
-0.177838
1.851362
1.606247
1.598176
2.083568
0.602832
-0.170201
-0.174210
-0.174811
1.591502
1.609442
-0.181738
-0.174754
-0.925368
1.878288
1.888886
1.859868
1.885168
0.831534
0.582705
-0.174840
-0.173213
1.888971
-0.165659
1.567182
-0.171602
-0.185349
-0.169173
1.655587
3.738368
1.880639
0.599236
-0.179894
2.371943
-0.172130
-0.172827
-0.174457
1.617343
-2.731102
0.889296
2.631357
2.633032
0.830475
1.883842
-0.926735
0.878968
-0.442994
2.655736
0.592547
2.046546
1.896236
1.621082
0.833128
-0.174651
-0.177638
-0.174853
1.594102
-2.714450
-0.172962
1.594870
-0.928357
-0.928357
2.663587
-0.176669
1.591176
-0.190618
-0.914247
-0.190505
2.620711
-0.910358
-0.921589
2.080908
2.651783
-0.923855
-0.178141
-0.171814
2.204319
-0.168201
2.793587
1.604519
2.635663
-0.182111
-0.180167
-0.182225
-0.177956
2.347900
2.052091
0.795923
3.190005
2.582172
2.619202
-0.177341
2.626510
0.812623
0.847440
1.593035
3.610677
0.119948
1.605151
-1.218798
1.888415
-0.181109
-0.928357
-0.171102
-0.913922
1.607750
1.309438
-0.173029
3.320884
-0.171984
-0.175527
-0.174300
2.507223
1.600474
1.958891
2.658058
-0.928302
-0.187377
1.621729
-0.176702
0.606344
2.054455
-0.182111
-0.175556
0.593246
2.342134
-0.170008
2.373023
1.630293
-0.185535
3.602405
-0.167287
0.832786
-0.171770
-0.180081
-0.179152
-0.921015
1.850336
-0.183623
-0.175212
-0.175913
-1.201996
2.064722
-0.926735
1.602828
2.078362
1.842599
-0.171786
-0.178152
1.598779
2.661952
2.530605
1.867091
-0.177253
-0.172997
-0.188306
-0.922794
-0.921698
2.072563
-2.716002
1.619032
0.891194
2.096778
-0.175313
1.887690
-0.179667
-0.185438
-0.183207
0.255888
0.122519
1.767107
-0.176290
-0.927475
1.598203
-0.172384
-0.928357
1.591065
-0.173614
1.592570
0.615858
-0.175341
-0.917184
-0.929041
-0.172089
-0.928159
1.909445
-0.175426
2.344967
-0.172692
1.905553
-0.181195
-0.920906
0.110691
1.910896
0.906004
-0.187907
1.553764
1.607639
-0.164344
1.947805
2.635663
-0.164004
-0.170799
-0.173120
-0.922850
3.252338
0.605927
1.605190
1.022812
2.661268
1.907478
2.655945
-0.181421
-0.922794
2.623050
2.651577
0.630919
2.334409
0.888511
-0.177939
-2.735103
3.083415
3.113177
2.578970
1.259009
1.586201
-2.701080
-0.175269
-0.172103
-0.176825
0.880968
-1.210549
-0.178040
2.922759
1.906793
1.882818
1.596536
0.814426
2.615997
1.884998
1.905424
1.587155
-0.928411
1.616417
-0.216249
1.614419
-0.928357
0.900582
1.575998
-0.187460
1.789074
2.696067
-0.927567
1.256070
1.904826
5.635443
0.900582
-0.927314
0.895249
-0.174300
1.866661
0.811260
1.657892
0.894892
2.638190
-0.176041
1.891748
-0.176041
-0.165957
1.887605
0.111964
1.605640
2.644347
-0.184535
-0.165429
-0.179581
0.118286
1.878590
1.602768
1.873243
2.802964
1.906237
1.888246
-0.177939
1.883672
0.822306
-0.460304
-0.917540
3.078124
1.605640
4.240504
-0.172484
1.580483
-0.179152
1.883119
-0.206958
2.634614
-1.234798
0.079271
-2.205999
0.080331
1.887731
-0.176227
5.246871
-0.173401
2.645092
0.078708
2.664747
1.951847
1.602768
-0.916389
3.351984
-0.921898
1.863203
0.871599
-0.173998
0.121243
4.489688
1.339771
1.866661
-0.916711
-0.917341
-0.184464
0.885246
-0.179280
-0.177267
1.885041
-0.176538
-0.180625
-0.171283
0.903951
-1.220167
1.894269
2.647680
-0.182522
1.886747
-0.924739
0.077845
4.892762
-0.174827
0.122055
-0.921176
-0.928357
-0.914875
1.590083
1.891191
-0.924739
-0.181709
-0.160378
-0.187593
1.898373
-0.178141
-0.924579
1.634649
2.073999
-0.184964
1.582397
-0.174522
-0.177869
-0.911619
-0.179252
-0.188880
-0.919899
-0.920797
-0.178141
0.118818
-0.180467
2.620711
0.809540
0.805960
0.814395
2.621970
-0.169675
-0.184223
-0.919069
-0.189105
2.628767
-0.184621
-0.185535
-0.169357
1.609252
1.604765
3.496099
2.620807
2.645716
1.887815
1.610953
0.113333
0.903899
1.886282
2.072233
-0.929671
-0.929041
-0.928357
1.613955
-0.178354
-0.178053
2.957545
2.535994
2.657164
3.560999
-0.171602
1.906837
-0.186452
-0.172185
-0.179082
0.114700
2.613960
0.249387
0.604735
0.607992
0.607564
1.609878
1.907605
2.625041
-0.928989
0.903899
-0.926160
1.610754
-0.175730
-0.928302
-0.170587
1.876280
-0.929617
-0.181636
2.584670
-0.922490
0.832013
-0.178253
4.833622
0.608583
-0.464548
-0.177478
0.120374
1.877259
-0.172284
1.883885
1.900897
-0.171841
2.651842
2.656422
1.852732
-2.741530
-0.172798
2.603859
1.857860
0.317655
1.885634
-0.916965
2.632724
1.882944
-0.185678
0.121153
-0.178040
-0.175941
2.651842
1.573071
-0.176742
2.663795
2.613772
-0.899797
2.479979
-0.920797
1.624824
-0.924273
-0.928357
2.618194
-0.176454
0.798915
2.666115
1.609195
-0.927675
-0.182208
-0.928989
-0.179052
1.900256
0.595310
-0.171869
-0.174300
1.607064
0.752754
2.557104
-0.926361
0.907166
-0.921480
-0.178965
0.879704
1.905850
-0.176326
-0.180681
0.078777
0.076414
2.603859
0.883122
-0.169758
-0.919233
-0.919015
-0.168768
-0.928411
-0.928357
-0.928302
-0.926844
4.817824
-0.926053
1.607008
-0.921428
-0.921105
2.635663
2.632931
-0.170755
-0.169259
-0.916711
-0.924433
-0.920129
-0.910737
-0.192162
-0.182111
-0.927567
2.658678
1.878928
-0.914658
-0.914658
0.903112
1.606706
1.904183
0.819016
0.829232
-0.928933
-0.928357
2.644024
-0.168145
0.608501
-0.924323
1.606269
-0.928357
0.830387
0.898839
0.900153
-0.167945
-0.172898
-0.180467
-0.921480
0.832194
0.831601
-0.180367
1.891621
-0.178552
0.117711
1.880980
0.890563
-0.927727
2.349334
1.602904
1.875893
2.348657
1.118907
1.892345
0.827453
-0.169558
-0.926792
-0.928357
-0.180779
3.040392
-0.172413
-0.919178
-0.169785
-0.176241
-0.175426
2.050495
-0.928302
-2.718429
-0.927675
-0.914805
0.118986
2.610135
-0.172499
0.610045
2.666051
0.900685
1.938320
-0.174197
1.618994
-0.929725
2.662427
1.611000
-0.927367
1.607008
-0.928933
0.816768
0.819136
3.100195
-0.167430
1.898204
1.896922
-0.187666
-0.180265
0.859174
2.647202
-0.928302
-0.928574
-0.925156
0.115716
2.609562
1.890212
-0.214338
-0.216224
-0.928989
1.889826
-0.178040
-0.181381
1.887945
-0.927475
0.113828
1.888886
-0.919283
1.955926
-0.921391
-0.186264
2.064852
0.907848
-0.178582
-0.928357
-0.185277
1.888204
-0.928411
-0.925673
0.607467
-0.915383
0.118582
-0.169343
-0.928933
-0.926629
-0.922005
1.589946
-0.178141
-0.178053
-0.179883
-0.928989
1.953228
0.079150
-0.184123
-0.176955
-0.171118
0.905748
0.123018
-0.928989
-0.192645
-0.921538
-0.928251
-0.928357
-0.928302
-0.922112
-1.221833
2.320826
2.657580
0.906583
-0.928680
-0.173614
-0.928411
-0.929671
-0.929617
-0.928933
1.603838
-0.167631
-0.180367
-0.920744
-0.928933
-0.926053
1.895638
0.603019
-0.924685
-0.928989
2.656627
-0.924470
2.639812
-0.922057
1.638820
-0.927675
0.903163
0.814249
-0.926844
-0.183521
1.593060
-0.927675
-0.928302
1.944398
-0.170755
-0.174912
-0.926105
-0.928105
1.884011
0.116529
0.898737
-0.163701
0.901948
0.830331
1.611358
1.889229
1.887605
-0.182297
1.657209
0.123738
0.117711
0.825589
-0.169957
-0.928357
-0.173010
-0.172898
1.610754
-0.927675
0.830360
-0.929041
1.894396
-0.172898
1.956597
-0.186463
2.619980
-0.927619
-0.180296
-0.916857
-0.181496
-0.927675
-0.918118
-0.169057
-0.164418
-0.168857
2.572603
0.078403
-2.704022
-0.167928
0.636744
1.879825
2.656214
-0.929041
1.890937
-0.928989
-0.927727
-0.928302
-0.914610
0.122682
-0.928989
0.903214
-0.928357
-0.928411
-0.928357
-0.174498
2.082627
-0.929041
-0.172324
2.665224
2.364518
0.076103
1.894954
-0.923787
0.879345
1.886965
-0.924524
1.609500
0.082383
-0.181310
-0.922057
-0.928989
-0.925531
1.867730
-0.922794
-0.178040
-0.923640
-0.917236
1.892434
-0.926844
1.887690
-0.922739
2.662221
0.905697
1.647712
-0.927727
-0.922794
-0.924254
-0.927675
-0.929041
0.605416
1.602222
2.659426
0.078155
-0.175514
1.904826
0.609536
-0.170071
-0.928302
-0.921123
-0.929096
-0.180167
1.124984
-0.928933
1.597301
-0.928357
-0.923478
-0.928302
1.613491
2.653210
0.076785
0.122426
1.953914
0.603878
0.831573
-0.928357
-0.928302
-0.928989
-0.928357
0.902585
2.655053
-0.920851
-0.172440
-0.928411
-0.928302
-0.928411
-0.928357
-0.171269
1.613245
-0.174011
-0.927727
2.613130
-0.929671
0.075919
-0.928357
-0.174651
-0.187790
0.121243
-0.924739
-0.174613
-0.920690
2.636169
-0.927727
2.650683
-0.928520
-0.929041
0.899315
-0.928411
-0.927367
-0.928989
-0.928357
-0.928411
-0.928989
0.612607
0.813066
0.814845
0.078155
-0.928989
1.602030
-0.928357
1.883076
-0.910668
-0.171682
2.653149
1.885640
1.886323
1.880980
-0.921480
1.616606
-0.929041
-1.218349
-0.928989
-0.180265
0.116587
1.902180
-0.928411
-0.920998
2.650415
-0.928357
-0.924685
1.906749
-0.928302
-0.178354
0.122739
1.902775
0.832162
0.115939
-0.928989
0.897572
2.960280
2.957549
5.483423
-0.180367
-0.928357
-0.927367
1.606326
0.901898
-0.928411
0.600018
1.604440
-0.177025
1.601893
-1.216982
-0.928411
-0.928933
-0.929671
-0.929671
-0.920222
1.657425
-0.923172
-0.926053
-0.188478
0.115070
-0.922328
-0.174811
-0.176528
-0.927675
0.115550
-0.187365
-0.927996
-0.176825
-0.924790
-0.169142
-0.179052
-0.179252
1.896834
2.653893
3.093663
-0.928302
2.659217
-0.174498
0.121153
1.616417
-0.171984
-0.183508
0.894306
-0.928989
-0.928357
0.122519
-0.173385
-0.179082
-0.928357
0.118766
-0.927675
1.611000
-0.914497
-0.924417
-0.924000
-0.928989
2.656898
-0.928989
2.646727
-0.927367
-0.925423
-0.921372
-0.179252
-0.928302
-0.928357
1.904826
2.955498
-0.186052
-0.181993
1.657425
-0.927419
-1.213264
-0.924054
-0.178141
-0.175313
-0.928357
-0.929617
0.113480
3.057152
-0.928357
-0.174197
1.877089
-0.168546
-0.194962
-0.185535
-0.929096
-0.928357
-0.924309
1.954571
-0.928357
1.887605
-0.178241
-0.928989
-0.913240
-0.928357
-0.914229
-0.926251
0.894841
-0.921843
2.660586
0.121744
1.607141
-0.174300
-0.918439
-0.175212
-0.928302
-0.928302
-0.929671
1.905511
-0.928357
-0.928989
0.901262
0.077098
0.818425
-0.928357
-0.927675
-0.179152
-0.179152
-0.181381
-0.180265
-0.175730
1.913415
-0.912824
-0.173010
2.663795
1.898288
-0.928357
0.122426
-0.926844
-0.928049
-0.928357
-0.928302
1.620272
-0.928357
2.654578
-0.173401
1.893628
-0.167829
1.611247
1.898160
-0.176825
-0.926792
-0.171200
1.902903
-0.173813
-0.929041
-1.219633
-0.918910
-0.922794
1.906837
-0.928933
-0.929041
2.641462
-0.929041
2.626186
1.913460
0.820825
-0.170658
-0.928357
0.831431
-0.928989
-0.928357
-0.926251
-0.929041
-0.927675
2.648572
-0.927675
-0.929671
0.897470
-0.185335
1.603399
-0.176624
0.073555
-0.928357
-0.928989
-0.928989
-0.928357
-0.928989
-0.928302
-0.928357
1.898332
-0.926682
-0.926735
-0.928302
-0.928302
-0.929041
-0.929041
1.652134
-0.928989
-0.179152
-0.928302
1.892345
1.578050
-0.927675
-0.179868
-0.926053
-0.928989
-0.927675
-0.929041
-0.173300
1.887649
2.657373
-0.928105
-0.927727
2.662221
-0.928989
0.609186
-0.929041
1.614338
-0.928302
-0.928989
0.123018
-0.928357
-0.172271
-0.172898
2.364906
0.821384
-0.929041
-0.927727
1.897518
-0.929041
2.652318
-0.172585
1.900897
0.900582
1.892047
0.888511
-0.172886
-0.179252
-0.178241
-0.177025
-0.181381
-0.174100
-0.176928
-0.928989
1.869656
1.895038
1.910211
0.906430
1.895552
-0.923950
1.886282
-0.924054
-0.918910
1.896793
0.119281
0.605927
-0.928989
-0.928411
-0.171571
-0.928357
-0.928357
-0.928357
-0.169541
-0.928989
1.905598
-0.178141
-0.920113
-0.921266
1.927557
0.831431
-0.928302
1.905468
0.609011
0.831512
-0.928411
-0.172271
-0.928302
-0.928357
-0.924685
-0.929041
-0.928251
-0.172215
0.605162
-0.928302
1.955265
-0.928357
-0.926160
-0.928357
-0.171992
-0.922794
-0.178953
-0.185136
-0.175527
-0.174517
-0.928357
-0.928357
0.121926
1.606706
-0.928357
-0.927675
-0.928989
0.079148
0.611238
1.881661
-0.927675
-0.929671
-0.928989
-0.928989
-0.928357
1.903461
-0.928357
-0.178040
-0.928357
-0.928989
-0.928302
-0.183508
-1.217216
1.609195
2.664686
-0.924309
-0.927675
-0.927475
-0.178354
2.632322
-0.175413
-0.928302
-0.928302
-0.927675
-0.928357
1.906837
-0.927727
-0.920637
0.080023
-0.928357
2.950717
0.079088
-0.926251
-0.929617
-0.928989
-0.928357
0.606192
-0.928989
-0.928105
-0.928302
0.077161
-0.928989
-0.928302
0.611333
-0.922421
-0.921051
-0.927727
-0.928411
1.597110
-0.174517
-0.928357
-0.928933
2.645948
0.608501
-0.928357
-0.928411
1.906793
-0.178141
-0.928302
-0.172898
-0.928989
-0.921428
-0.928302
2.667065
-0.928989
0.907063
0.904581
-0.928989
-0.928411
-0.928411
-0.928357
-0.929617
1.610560
1.608187
-0.923316
-0.928989
-0.927675
-0.929562
0.604815
-0.924165
1.615677
-0.919593
1.908248
-0.928411
-0.923424
1.654182
-0.185335
1.616226
-0.928989
-0.928989
-0.928357
-0.928357
0.827931
-1.215317
-0.928357
1.894910
2.662221
1.947805
-0.182812
-0.927996
-0.172398
-0.173813
0.826241
0.817775
0.816623
0.820853
-0.928357
-0.927419
-0.929041
-0.177239
-0.928302
1.895638
-0.928302
-0.927675
-0.926053
-0.928302
-0.928357
2.660377
-0.929206
-0.928357
-0.929617
-0.928989
-0.928989
-0.928357
-0.928357
-0.928989
-0.177440
0.079896
-0.928302
-0.928989
-0.926885
1.611191
-0.929617
-0.928357
1.877175
0.124387
-0.176928
-0.174300
-0.928989
2.650000
2.652467
2.628561
1.603781
-0.929671
-0.175925
-0.922421
-0.928357
1.651917
-0.929041
-0.927727
-0.928989
-0.928357
-0.929041
-0.928302
2.362662
1.889655
1.885640
-0.928989
-0.929041
-0.922739
-0.928989
-0.928357
-0.928933
-0.928302
-0.928357
0.076785
-0.928302
0.831534
2.956866
1.955950
2.962322
2.963689
2.963006
2.960955
-0.929041
-0.929041
-0.928357
0.830747
-0.922688
0.831327
-0.182193
0.901315
-0.464554
1.612999
-0.921589
-0.178241
1.598969
-0.928357
-0.928989
-0.928357
-0.928989
-0.923316
-0.927675
-0.914281
1.892946
0.079025
-0.928989
-0.920168
-0.920797
0.078963
0.829708
-0.921324
0.076850
-0.928302
-0.928989
0.904480
0.122519
0.894051
-0.178852
-0.922472
-0.927367
-0.929041
-0.928357
-0.924991
-0.928357
-0.180384
0.901161
-0.171969
-0.928989
-0.926105
-0.926735
-0.179152
-0.182193
-0.178656
-0.927475
-0.927675
-0.923213
1.661560
1.611687
1.904826
-0.928989
-0.928989
-0.929671
-0.928989
0.121836
-0.928302
-0.927475
-0.929041
-0.928989
-0.929671
-0.928357
0.077161
0.122924
-0.927675
-0.184835
0.121243
-0.928933
-0.928302
-0.929041
-0.922794
-0.929617
-0.928302
4.339002
3.561770
12.437277
