8
2 10 100 500 1000 2000 3000 4000
-0.022143
6.958314
3.682056
2.043202
3.154090
4.738477
2.222375
2.553281
-1.034367
2.073890
0.897495
-0.861213
1.049242
2.103562
-0.034974
0.729636
-0.927999
1.182617
1.327527
3.714548
2.800677
1.432067
1.206397
-1.323378
0.346114
0.337536
-3.454842
1.193943
1.557246
2.705824
1.178131
2.732852
-0.393475
-0.648027
2.188823
2.528404
1.470314
-1.081450
1.164509
1.057723
2.175425
3.109611
-0.671297
-0.615774
3.346222
3.484067
1.896270
1.254335
-1.743027
0.469564
-1.644546
-1.097057
1.444218
1.643766
0.478112
-0.137931
1.245962
2.657610
-0.315213
0.669013
-0.014678
-0.064942
1.767341
-0.724687
1.627202
2.488322
1.567842
-1.620222
0.259386
1.955568
-0.306651
0.328237
0.955197
-1.603322
2.366109
1.193011
1.065058
0.100784
2.553294
0.908052
-0.702419
-3.437293
0.214442
-2.387778
-0.878937
-1.800765
1.384126
-0.473011
-2.219820
0.197363
0.699952
-1.059156
0.226047
1.889873
-2.506195
4.105824
-0.136404
-0.008872
-0.918882
-1.790417
0.878986
0.861303
-1.714681
2.210276
1.684218
-1.633988
2.017245
2.555615
-2.091349
0.519472
-0.846211
-1.968711
1.655254
-0.493310
-2.676884
-0.586963
-1.430559
-0.137780
-0.910657
2.028984
1.864620
0.722886
1.224956
0.262337
1.343719
2.692441
-1.847883
2.094204
2.163376
0.742307
-2.691363
1.330252
0.657208
-2.246518
-3.441136
2.536034
-1.741233
-0.054432
-2.968090
1.239136
-5.222537
2.860981
2.743471
-1.225913
0.143862
-0.094419
0.190888
2.021146
1.716256
-1.183968
0.246159
3.507489
-2.084477
1.997631
2.745964
2.013385
-1.328090
1.887913
1.205540
0.623432
2.660495
-2.904189
2.450461
1.352623
0.150705
1.568204
-3.682819
-0.180842
0.910250
0.185346
0.041078
0.404316
-0.254453
-2.272051
-0.524891
-0.723681
-0.167413
-3.788522
-1.918864
-2.901880
0.004879
-0.962198
-1.716411
-0.825654
0.407467
1.102963
0.505956
-2.295357
0.580873
1.261396
1.836941
-2.311095
-0.282299
2.877521
0.590789
2.610778
3.183212
2.034300
1.566242
1.566343
1.987371
-3.499565
3.039433
-0.151196
1.366596
1.700176
-1.718358
-0.756065
-0.223602
1.773128
-0.337389
0.236488
3.229597
-1.216136
-7.517296
-2.092782
-0.226600
-3.432154
-2.761439
0.908942
1.230066
0.803856
-0.640345
2.889627
-1.632029
-1.577739
-1.670496
-2.119642
2.469496
-1.289276
-0.879878
-1.716953
-0.830137
-0.676313
-0.313499
-0.408436
1.051044
-0.143346
0.468138
-0.618857
1.433673
-1.955039
-1.852955
-0.699327
-0.886356
-2.240124
2.378009
-1.556184
2.593462
-1.392858
-0.137234
-0.286354
0.871153
-1.810955
-3.663755
-0.652652
-1.485379
0.111693
1.130012
-1.125348
0.496305
-1.060805
1.825203
3.277960
-1.140620
-0.283549
0.944588
-1.843923
-0.668345
-1.130311
-1.896250
2.285756
-1.533376
3.032362
-3.391062
-1.040354
-2.319973
-0.836927
0.439075
-0.126993
-0.973979
1.078912
2.711962
-1.491262
1.716977
1.865342
-1.953091
4.496116
3.417074
-1.971565
0.944644
1.180707
-0.893640
0.778957
0.118958
1.876919
-0.964321
0.852305
-2.311466
1.633561
3.338402
-3.528432
-4.941674
-0.613390
0.965639
-0.952837
1.284276
1.838535
-1.604508
1.148089
0.848556
-1.592093
0.500173
-1.471144
-0.889774
-2.237208
-0.775970
2.770097
0.266595
-2.018770
-0.442645
-0.755048
-0.404544
0.822670
2.223103
-0.770816
3.317921
-0.498858
-2.090423
2.578451
0.027222
-1.486975
-1.833028
0.256185
0.714880
3.318651
0.970660
1.653422
-0.151669
1.562905
0.998528
3.177683
1.618275
-0.021986
1.541258
0.554347
-1.270920
2.731685
-1.945747
-2.489274
-1.961382
-0.334966
3.952719
0.067699
1.642394
0.590820
-1.803800
0.849990
-0.727575
-2.678328
-2.768687
-2.366337
1.408109
0.026610
1.189164
0.046189
0.977914
-1.024914
-2.132955
-0.662365
1.345936
-2.160407
3.320093
-0.178483
2.244905
0.244169
0.686962
-0.041421
0.732247
-1.142927
-0.564403
-0.007942
0.860628
-0.095256
2.982852
1.559342
1.747262
-0.971968
-0.844167
0.385106
2.101557
1.791136
-4.839964
-1.268943
1.860178
-0.269590
-1.192011
-0.037819
0.693218
-1.597552
-1.618006
-2.587388
-1.088756
0.223754
1.223603
-1.168487
-1.221617
-1.598229
-0.849359
0.277764
0.111772
-1.755189
1.624620
2.668022
-2.320908
1.822312
1.468907
-0.573120
-0.829760
-1.671229
-0.384542
-0.092803
2.205098
0.660265
-0.695342
2.660209
0.044947
-1.459131
-0.147529
0.355081
-1.265249
0.984809
2.440339
0.797799
0.895811
0.039454
-0.366290
-1.499003
-5.066916
1.452996
-3.079893
-1.323684
-1.895890
1.778201
0.324667
0.422237
-0.427152
-0.471050
0.148283
0.653685
0.016720
2.511205
-0.422697
-0.380013
1.094052
1.050993
2.250164
0.052699
0.526561
0.307684
3.369221
2.561398
0.158601
0.341207
-0.916695
1.576639
-2.133845
2.616165
1.015433
1.094661
-1.101104
-1.731801
2.849416
-1.890852
-2.794098
1.107231
0.521159
-1.396518
2.147491
0.277053
0.033005
2.549682
0.532134
-0.927909
1.759105
-0.167077
-1.548976
2.925038
0.770221
-2.517116
-0.852308
-0.183624
-3.427855
-0.279276
-0.089070
-1.165462
-1.116465
1.352184
1.823801
1.055293
0.941934
2.797447
-1.702343
-0.051706
0.978550
0.703835
0.854944
2.443706
-0.597394
-1.260968
2.001605
-0.291686
-3.484027
-0.852068
1.427460
-0.301652
-2.835671
0.715070
0.138654
1.571006
-1.990517
1.590917
0.510783
-3.462457
-1.114807
1.410614
-3.799005
1.397759
-1.387553
-2.793317
-0.434590
0.221528
-0.189062
-0.643598
-3.025545
0.108275
1.143807
-0.692327
0.430259
2.456585
0.597470
3.684679
2.686398
-0.000551
1.716940
2.815532
-0.704307
2.560206
0.555140
0.426777
-1.645441
1.253498
0.059654
-0.158558
0.779853
1.326527
1.780423
-3.001986
2.834620
1.863022
-0.646653
0.965787
-1.037618
2.499226
-1.332233
0.970457
1.228848
-1.377026
0.927117
-2.066617
2.359195
-0.264146
0.926464
0.900901
3.818758
0.155640
0.037940
1.282430
0.199731
1.241217
1.508495
2.461005
3.127801
2.458317
0.539893
-1.187817
1.101616
0.183255
1.752258
1.263859
-0.286995
0.761157
1.395776
1.752678
1.373678
-0.301193
-0.575944
2.500875
0.996059
-1.991841
-2.574781
0.520245
-1.721762
-1.858223
-0.247428
-2.486657
-0.660412
1.476998
2.091001
1.924388
-1.191104
-0.191294
-1.496644
0.883199
0.645875
1.489693
4.625522
-0.265908
-0.769341
2.370945
1.875261
-0.675730
1.948113
-1.264369
0.177806
0.827475
-0.435002
-1.821089
3.302804
0.234603
0.499024
-1.428096
-0.415359
-2.994653
-1.300783
-0.887494
0.503945
0.333919
-1.605247
-0.392534
-1.842870
-0.516622
-0.729515
1.081388
-0.448761
-0.485096
0.498735
-0.603482
-0.850281
-1.169731
-1.085937
-1.113498
1.859710
0.138474
0.903712
2.717618
-1.605490
0.955842
-1.344641
-2.345019
-1.231627
0.231866
0.445347
-1.006118
-1.406236
-2.249967
1.940970
-0.294747
0.080936
0.128277
-1.118828
-0.235444
2.308413
0.913634
2.604807
-1.441589
0.832517
0.146111
0.452485
2.146081
0.132113
-0.259838
2.288296
-0.190705
-0.485735
1.557774
0.707389
1.328596
-1.557410
0.117292
-0.660920
-0.004663
-0.232639
2.231610
0.770648
-1.955959
0.284183
1.690413
0.415958
1.066163
-0.246813
-0.410783
-0.882846
-2.231262
-1.239888
-1.906998
-0.441494
-0.974732
1.551642
-1.290478
0.683532
-0.884486
-0.357700
-0.297013
1.716873
1.551701
-0.844170
-0.094144
1.874174
-2.689772
-0.470186
0.533462
-1.489698
-1.499340
2.397529
-1.152129
3.241825
0.369529
1.494109
3.349611
-1.118975
-1.660963
0.284995
1.397051
-0.189239
-0.459801
-2.006514
-0.027850
0.556743
0.528034
2.452798
-0.263998
0.012283
1.213191
-0.895692
0.300169
-1.042609
-1.524786
0.804625
1.044047
-0.725885
-0.935914
0.152035
-2.503790
-0.319976
-1.046216
-1.374267
2.728305
-0.359692
0.055924
-0.877228
0.870715
2.263468
3.148704
2.078257
1.392107
0.014639
-2.929737
-1.880605
-1.155347
0.712836
-1.746604
-1.616982
-1.312976
-1.050205
-0.455789
1.663560
0.474105
-1.529071
-2.094901
-0.877599
1.616081
-0.668389
0.547395
-1.386453
0.657653
-0.544054
-1.181197
1.354436
1.628075
-0.924696
-0.039534
-0.003682
1.102783
-0.850833
3.585437
0.543985
-0.996194
-2.288298
-3.330091
2.752886
0.457907
0.241176
1.208025
-0.230337
-1.847523
2.030155
-1.462816
1.141878
-2.286431
1.910654
-0.454882
2.522622
0.750663
-0.198341
1.411766
1.628537
-0.234499
-2.239997
-1.134344
1.939838
-0.440452
0.000660
1.755553
0.085401
-1.349148
-0.089220
0.698083
-2.703006
-0.217923
-1.751796
-0.157771
-0.231061
-0.292614
2.560203
1.993360
2.053109
2.061393
0.148629
0.901115
0.638664
-0.051470
2.108586
-0.219809
1.136387
0.997319
-1.779643
-0.429718
2.397755
1.667107
-2.506296
-2.842721
-2.098062
1.145000
1.131451
-0.005220
-1.521349
1.683536
0.995652
0.997010
-1.383572
-0.736334
1.281172
-0.224039
0.159567
3.527141
4.190728
1.782312
-1.321710
0.985573
0.538849
-0.219880
-1.822879
1.901762
0.433710
-0.937927
-0.261595
-1.667874
-0.745071
1.576522
0.347757
0.194524
1.311929
1.430615
0.443306
-1.888736
-1.879364
-3.097322
2.106526
1.180798
-2.165840
0.716626
-1.417196
2.575281
2.518066
2.069978
-1.591365
0.887848
0.801218
0.749328
1.049033
-1.273796
-3.019004
0.188473
-1.685147
1.436678
-2.015457
-1.408858
-0.541793
0.812233
-2.877174
-1.752796
-0.948007
2.784311
-2.017720
0.224818
-0.269616
0.469456
1.374347
1.448811
0.643259
-0.042976
-0.937838
2.168210
1.938441
1.050279
-0.382436
-0.865457
0.863798
2.433059
-1.343309
1.655621
-0.917786
0.046738
-0.774208
-1.140032
-0.775514
-1.593214
1.808486
0.025696
0.814494
0.483672
-0.072650
-1.274681
0.278267
1.272891
1.354916
-0.204655
-0.368712
0.988542
-1.438496
0.085557
1.302459
-0.750824
-2.012010
1.139913
-0.565850
-1.117709
0.381507
-0.004009
-0.399333
-3.004445
-0.359055
-2.080260
-0.122459
0.742422
3.056880
-0.415415
-1.067179
-0.199585
-2.196745
2.017622
-0.557298
0.095196
0.599196
0.455541
-1.018218
1.126145
-0.705177
-2.174148
-1.193048
-0.747649
-1.894488
2.237046
1.020551
0.058975
-1.005603
-0.853465
1.760283
-1.981021
0.827724
-1.151886
1.579200
0.342852
0.951765
1.169200
1.685408
-2.010464
-0.933251
-1.544755
-0.309607
1.760261
0.783118
-1.587962
-1.496768
2.099248
2.143660
-1.840202
0.868670
0.832045
-0.486674
1.127358
0.306172
0.888028
-0.788288
-3.718131
0.613643
-0.317103
0.167195
2.925360
-3.491282
0.418486
-2.147476
-3.747619
0.766084
-1.439362
-1.363598
-2.075930
1.585565
0.724506
-0.760217
-1.860405
1.368879
-1.568745
-1.985261
0.474000
-2.361790
0.384144
1.009359
1.000683
-3.022533
-0.937071
0.886287
0.446015
-0.572056
-0.388173
2.189524
2.722382
1.087121
-0.136924
2.208570
-1.932914
-0.402271
-1.245067
-0.697112
-0.448587
-0.252723
0.872115
-1.055352
0.400763
1.915789
-0.793164
0.719135
2.653600
-0.425142
-0.665315
2.346308
4.939668
1.479677
-1.621576
-0.841012
0.662241
-2.578813
-3.115755
1.418020
-0.359498
-1.956522
-2.327997
0.305832
0.459694
-0.233506
1.751162
-1.636337
-1.027661
-0.647489
-1.591221
-1.707067
0.147007
-0.608365
-0.208177
1.831940
1.623142
0.337755
0.549583
0.821416
0.289975
-0.707034
0.939862
-1.888526
-0.266585
1.358468
0.048464
1.257836
-0.668246
-1.850757
2.185473
1.731644
-0.093572
2.283869
1.125036
-0.162116
-0.548003
-1.844621
0.545084
2.240706
2.492960
-0.807088
2.280683
-1.408523
-1.293489
-4.783565
-0.691857
-2.298881
0.438309
0.868573
-1.126790
-0.751416
1.581966
-2.234872
0.158214
3.510182
0.593034
0.576877
-1.019836
0.368897
0.693004
-0.364757
0.069842
-0.304291
0.329005
1.424132
-0.212584
1.657073
-2.577260
1.156743
1.501539
1.229863
1.567996
0.195405
1.851988
-0.248008
1.061200
-0.677876
0.908064
1.098026
3.667483
1.600691
-0.843329
2.241448
-1.542622
-0.025498
-2.354358
-1.121007
0.369166
2.931352
-2.466679
0.801050
1.453676
2.007725
-1.599071
0.875019
-0.508731
-0.795718
-0.180457
0.926510
-4.138659
-1.714688
-1.410573
-0.229913
-0.381622
0.015382
-0.373855
-1.679529
0.039750
0.474115
-0.578147
1.436351
-3.443652
0.764023
0.507458
4.180128
-1.874370
-1.747139
2.971317
0.594401
2.189861
-0.520675
0.142789
-1.312316
0.350773
-0.392477
-0.218940
0.495483
-0.410974
-2.272691
2.681842
-0.556094
-0.053928
-1.601537
1.158637
-1.786240
-1.416268
1.303042
1.856171
2.144601
1.146471
-0.138886
-0.853105
0.556191
-0.730211
1.262171
-0.267397
-1.091606
1.083510
0.290801
0.352132
-2.665593
-0.562821
2.179638
-0.907793
0.971793
0.884340
-0.391936
-3.719782
0.356893
-1.598801
-0.732099
-1.082507
1.205550
4.125116
1.675340
1.805267
0.894692
-0.915278
-0.756453
0.822078
1.919488
2.466243
-3.149204
2.404237
-1.361460
1.937076
-3.464899
-0.279911
-2.351163
-3.371831
1.522689
-0.663221
2.257888
-4.542709
1.213894
-1.298890
-1.566893
-1.821235
2.396898
-0.833912
0.696150
0.102010
0.057894
-0.667918
-1.414637
-1.110042
-0.933252
0.425216
1.348964
0.812805
0.272009
0.668192
1.262250
1.458913
-0.208041
0.639297
-3.237479
0.829646
0.575874
1.666249
-1.647657
-0.833061
0.311134
-1.373768
1.794683
-2.422750
-1.622744
-2.665761
0.413879
-0.990646
0.954384
1.595742
-1.051621
1.600578
-0.570225
0.294388
-2.504437
-1.518468
0.784920
-1.683398
-0.942468
1.442140
-2.320959
-0.046502
-0.636539
0.621234
0.545404
2.471477
-0.896970
-0.263013
-1.294648
-1.069090
1.939681
-0.170156
-1.464741
-1.430190
-3.270665
-2.485229
0.046924
0.456589
0.333938
-0.732481
1.022408
-0.419454
1.008075
1.433427
-2.267734
1.379550
2.520684
1.589057
2.466150
-0.013051
2.762826
0.357073
-2.417403
1.180661
-0.276735
-2.610621
-1.032359
1.482569
-0.837593
-2.429938
2.331423
-0.495465
0.258891
-1.573404
0.453476
-2.410709
1.198474
3.113466
0.167781
0.683220
0.035517
-0.633769
1.348834
-0.850279
0.177213
-0.784124
0.051042
0.472943
-0.069511
-1.522798
1.274710
-0.477121
-0.813260
-1.693570
-0.592178
-0.615435
-0.925287
-0.764935
0.654690
-0.824057
0.291076
0.227934
-0.119625
0.122074
3.670676
0.060993
-2.279803
0.136750
0.016445
-0.289379
-0.629652
-0.408165
0.642336
1.214986
-0.515440
-0.337608
-0.288289
-1.204346
2.784298
-0.524208
-1.498349
0.175064
-1.479630
-1.191419
0.201698
1.133745
-1.906852
0.104128
0.413069
0.163120
1.644150
0.695874
0.416435
-0.368682
0.961468
-1.183870
0.662644
-2.096706
-1.263900
2.695577
0.006251
1.903833
-1.272614
-1.034600
1.321371
1.223965
2.730549
-0.701468
-1.350910
-0.446256
-0.349425
2.228465
1.223062
-0.067796
-1.311976
0.478083
-0.662539
-0.673880
-2.084368
0.647599
-1.882475
0.688177
0.277444
-2.546742
-1.304967
-0.641528
2.511073
-2.951148
-1.382886
-1.493894
0.588467
-1.264729
0.079496
-1.789288
1.001083
-0.831536
-0.124838
-1.359406
0.448865
-0.827811
0.247381
-1.719440
0.960062
-3.008250
-0.677265
2.142005
-2.151548
-0.224075
0.663142
-0.730836
0.076264
-0.350341
0.371497
0.303383
-0.424902
2.073352
0.564061
1.708978
-1.135161
-0.676744
0.851025
0.758913
-1.270075
3.058342
2.422779
-0.395285
0.578297
-1.639350
0.579070
-2.040500
-0.440155
2.408575
-3.129503
3.187215
-1.672484
0.140602
0.734963
-0.621856
-0.926098
1.427217
-1.151407
1.831396
-1.705603
-0.974196
1.301774
2.443458
-1.687000
-3.501853
-0.581601
1.261500
-0.294015
-0.089793
-0.858829
-0.109626
0.021376
-0.035241
1.406687
-0.391072
2.192421
0.642755
-0.691632
-0.372510
0.067750
0.261084
-1.586033
-0.207224
1.223490
0.229494
-0.961387
-0.485286
3.699688
-1.651240
2.650987
0.177613
-2.965043
1.338872
-0.760489
0.184713
-1.195749
-1.421407
-1.272727
-1.488564
-2.674921
-0.055386
-1.780788
-2.185163
-1.554136
0.329072
-2.262370
-0.827754
-1.520357
-0.344208
2.534567
-0.823637
-2.278999
0.755928
-0.196894
-1.550083
-0.521749
-0.146068
0.634491
-1.827779
1.866818
0.782631
-0.387683
2.068196
0.674939
1.773768
0.743368
0.917342
-0.969277
-0.794730
-2.227174
1.961154
-1.501421
1.707075
0.090666
1.475845
1.378327
-1.148460
0.274064
1.494123
-2.309394
-2.285863
-0.068754
1.084248
1.016304
-1.121626
1.286531
-1.590450
-0.009512
1.194257
-1.805333
2.614233
-1.216034
-1.429468
-0.437855
1.081206
-1.426775
-0.128955
0.461092
0.098243
-1.987275
-0.087486
-1.203104
0.604572
2.696281
1.290607
1.130509
0.973050
-2.459774
-1.196971
-1.688654
1.881115
-0.530390
-0.203833
-0.610022
1.151465
-1.581552
-0.616780
-0.143961
0.223229
-0.563521
1.930658
0.887404
-2.560437
-0.078311
0.844473
-1.180130
-2.597186
1.389445
-1.688516
2.640795
0.189823
-2.215839
0.223998
2.956449
0.279492
1.458426
-1.649327
-0.928720
-0.746960
-1.595706
-1.480235
0.457482
-1.674671
-1.236151
1.714023
0.057442
-0.955591
1.126273
-0.344535
-1.072722
-2.508706
-1.346370
-2.471391
1.577376
1.512615
-0.862421
0.252668
0.340901
-1.481029
1.920876
-1.087788
1.248523
-0.042374
-0.435519
2.323769
-0.269583
1.542676
1.143646
0.350505
-0.777394
-1.223551
-2.564294
-1.718925
0.916351
0.699687
0.178821
-1.207493
0.901557
-2.544655
-1.403267
-3.681566
-1.024597
-1.199435
0.916021
0.984667
-1.379800
0.011118
-0.957979
1.667478
-0.406472
-2.006552
-1.227099
-0.768033
-2.734844
1.392347
1.700244
2.568978
0.561146
-2.538118
-0.604835
0.375808
-1.619571
-0.610000
-0.207746
-0.521679
-2.061848
0.057186
0.115418
1.554763
-1.409445
-1.522523
0.389630
1.068080
1.689866
-0.629452
0.218121
-1.576918
1.134572
-0.907408
-1.841377
0.361271
1.916964
-1.943282
2.266192
1.904648
-0.809372
1.138034
-0.758933
0.426572
0.473696
-1.838948
-1.738126
-0.177893
-0.491469
0.952854
-2.573336
-0.104482
-1.518181
-1.681523
-1.368006
-2.351854
0.624688
0.702149
0.539366
0.078487
1.575817
-1.009355
0.513527
1.347662
-1.494619
-2.004850
-0.030935
-1.387259
-0.335957
-0.218624
-0.243949
0.225704
2.791749
-1.485925
1.933558
-1.509373
-0.294501
-1.808447
-0.581595
-0.748512
1.179091
0.285728
-1.425510
0.492256
2.076147
-1.340614
-0.129673
-1.597646
-1.633047
0.949894
1.535687
-1.366427
-0.806907
-0.049902
1.710734
1.179892
-2.911998
-1.257862
0.903254
-1.802050
-2.802282
-0.874677
0.168008
-1.306622
0.843691
0.534795
-0.121984
-0.453225
-1.733270
-0.047438
-0.606093
1.605132
-2.503703
0.552058
0.516323
-0.902864
1.412426
1.465886
-1.868634
1.454386
-2.017938
-1.724823
0.234183
1.416947
1.243056
0.680789
-1.782506
-0.423000
-2.611784
1.607711
0.181654
-0.217719
0.333791
-0.947772
0.504445
-0.983632
1.660409
0.027802
-0.702745
-0.257841
-0.974427
-3.511472
0.874797
-0.742757
-2.224127
-0.823210
-0.671756
0.062284
1.077048
-2.323612
-0.431833
-1.190743
-2.438161
0.272223
0.984091
-2.021070
-1.800468
-1.293064
1.261847
0.209204
-2.670177
0.539292
0.168598
-1.554142
1.321850
0.873213
2.669809
-1.279614
2.522704
-0.569853
1.538181
-0.982932
-2.358383
0.142699
-0.650105
0.983025
-1.038725
0.290061
2.131077
-1.226075
-0.668193
-0.737869
2.559206
0.434456
-1.612231
-0.430316
-2.043669
-1.576147
2.177838
-3.559278
-2.866186
0.929856
0.217555
2.121617
-0.355484
-0.390179
0.402151
-0.261822
-1.775385
-1.411938
1.826421
-2.359215
-0.675090
1.130913
0.504835
-3.819244
-1.509445
0.810106
-0.829837
-1.656269
0.159377
1.066840
-1.813627
-0.755735
-0.748832
1.900399
2.052507
0.544654
1.293818
0.016754
-1.300440
-0.011505
-1.263764
-1.144482
-0.265481
-0.944151
-1.954715
-0.384305
-1.722839
-1.110833
0.373435
-0.987110
-0.092300
-0.059596
-3.023035
-1.256731
-2.106354
-0.453035
-1.416825
-1.830583
1.094580
-0.237465
-0.910404
0.672948
1.613306
-0.550817
-1.650680
1.168108
0.334045
-2.260712
-0.083788
-0.267330
-3.431733
1.971873
-1.173692
-0.798073
0.264014
-0.047371
0.633004
0.019126
0.666920
0.303872
-3.141378
-2.054960
-0.240350
0.648076
2.208711
1.028599
-0.357489
1.182540
-0.646094
-2.035741
-0.885683
-3.030020
-0.078763
-1.173097
-1.532646
-0.580926
0.461990
-0.336777
0.706615
1.815122
0.710178
0.944410
-0.973727
0.820705
2.352291
-1.136853
-0.637045
-2.951867
1.366026
0.497223
0.560881
-1.354899
-0.014983
-2.049211
-1.331192
1.761811
-0.378093
1.852524
-0.540440
-2.237479
0.078468
-0.020566
-0.174755
-0.442193
1.412170
1.774926
0.151830
0.744239
0.360110
-1.333072
-0.191849
-2.024922
1.276835
0.794804
1.523353
-0.670413
-0.954392
1.461112
-2.008381
-0.518075
0.977648
-0.625863
-1.137698
0.866056
-0.187029
0.612333
-1.449105
-0.892671
2.156678
1.839364
-1.352944
-1.355030
-0.493347
0.708389
-0.745537
-2.128304
2.135100
1.571555
1.252020
0.488896
-2.462533
0.310508
0.543954
-0.465697
-2.476009
-0.966853
-1.307364
-1.434736
0.811476
-1.308786
-1.741891
1.391547
-0.870389
2.568336
-1.766265
-0.996606
-0.653209
-1.506268
-1.431606
1.599773
1.376905
1.472193
-2.447773
-0.714582
-1.647112
-1.386054
0.929146
-1.137253
-0.063931
-0.295732
1.411475
0.407769
-1.299590
0.514870
-2.394979
0.726243
-0.090754
0.046041
-2.381716
1.215872
0.109645
-0.115037
-0.312272
-0.532781
0.964146
-1.199458
0.856752
-1.416792
-1.228446
-1.602137
-1.382404
-0.354386
-0.237780
1.747489
-0.821556
-2.003069
-3.209078
1.464212
-0.571175
1.112102
-0.507082
-2.158056
-0.005558
-1.896289
-0.944571
-1.241540
-0.487457
1.277362
-0.340941
-1.334759
0.927271
0.336960
-0.593719
-1.623491
-0.403179
-1.509071
-0.795824
0.068878
1.756927
-2.249731
-1.672520
0.351480
-1.039580
0.355239
1.872900
-1.630111
-1.575218
-2.127381
2.678192
1.594130
-1.064856
0.203416
-0.636541
-0.507868
-1.226475
1.595238
2.260814
-0.417145
-1.313805
-1.180754
2.209000
-2.022570
0.171846
1.131306
-0.893195
-0.771060
-0.901557
1.332042
-0.653981
0.829615
-0.630471
-2.091451
0.139009
-0.596500
-1.444508
0.729413
-1.519236
1.097516
-0.578053
0.991755
-0.382200
0.295888
1.172221
0.320543
0.028309
0.324940
-1.900800
-1.148760
1.351333
-1.411163
-1.571764
-0.197654
-2.978886
2.783885
-2.367818
-4.476856
-0.443584
-2.422866
-0.290541
-0.170687
-2.753299
0.570460
-2.378461
-2.099618
-0.728787
3.099443
-1.008206
0.189793
-0.786193
-0.515234
1.993003
-2.059466
-1.036793
1.009791
-2.890068
-1.656971
-2.952147
-0.737790
-1.820073
-2.089809
-0.127409
-0.524904
-2.647645
0.577411
1.931864
-0.572977
-0.500003
2.094026
-0.614397
-0.196157
0.721637
-0.594100
-2.410563
1.384379
1.202405
0.687278
0.232537
-0.194227
-0.643353
-0.609121
0.057764
-1.757245
-0.076844
0.264513
-1.965314
-0.331747
0.235750
0.428911
-0.661539
1.440247
0.086405
-2.988958
-0.633239
-1.954803
2.403873
0.422014
-1.335394
-1.387033
2.022729
1.573595
1.936325
1.852571
0.686521
0.476852
0.223160
-3.153089
2.140988
1.040264
1.358330
-0.574738
-1.334695
0.361892
1.872623
-3.440648
0.277188
-0.056374
1.776564
0.426880
-1.164946
-1.207832
0.866865
-0.831073
0.848033
-0.074291
0.867950
-0.398774
0.599037
-0.388752
-0.908305
-0.227691
0.921483
-0.801544
-0.277056
1.575724
-2.006834
0.556401
-1.372639
2.542761
-1.073599
0.501837
-1.881219
1.062979
0.853677
-0.033538
0.156890
0.699589
0.936237
-1.114124
1.189628
-0.051214
0.638010
-1.464261
-0.950074
0.089742
1.512409
-1.085030
-0.140579
0.144928
-0.906379
-0.792628
-2.127367
0.418867
-1.693483
0.727278
-2.974713
-1.243051
0.595328
-1.961346
0.361332
1.972864
-0.816010
1.573283
-0.559445
1.499172
0.226348
-0.547604
-0.721922
-0.140567
1.439765
0.175593
1.198889
-1.239781
-1.248420
-0.660722
-1.392013
0.325297
-0.297253
0.070225
2.046875
-0.679862
0.821889
0.445629
2.156298
-1.294668
-0.409877
-0.267148
-1.191023
1.710733
-1.964387
-1.305198
-0.104494
-1.371582
1.185638
-0.417317
-2.174332
-1.901883
-0.974488
0.813218
-0.897306
-1.510740
-2.749418
-0.584395
1.048074
-0.384068
1.400584
1.117573
1.373813
-0.735209
-3.385588
-2.592363
-2.033123
-0.878830
-0.139841
0.761258
0.286190
-0.071586
-1.509825
1.654130
-0.487079
-1.781522
1.650595
-1.212627
0.484224
1.036996
0.502368
-2.165982
-1.069401
0.836003
-1.397492
-0.302448
4.807398
1.139471
1.354266
-0.018365
-1.039364
-0.809128
-1.562458
-0.072434
1.182512
-0.502454
-2.427421
0.190233
-1.063253
-1.309691
-1.279803
-0.343936
-0.005519
-0.109105
-2.981492
0.898017
-0.122414
-0.007175
0.003424
-0.500317
-1.450517
-2.523527
-1.426529
0.002862
-0.806995
-0.039600
-1.605128
-1.020158
0.096255
1.974086
-0.641949
-0.240590
1.020525
1.342190
-1.182105
-0.037547
0.597613
-2.018061
-2.947809
-0.452144
-0.338770
-1.991290
-0.600690
1.159208
1.266953
-2.485991
-1.219215
-1.647810
-1.921367
-0.186885
-2.327631
-3.336151
0.655011
-1.659944
-1.096865
-2.077153
0.676602
-2.648319
0.702765
2.564961
-1.427644
-0.248006
1.395382
-1.912589
-2.067435
-1.358307
-2.373789
0.152913
-0.165028
0.232075
-0.634959
0.599943
0.200304
-0.589188
-1.033282
0.087246
-0.498098
1.348597
-1.452691
0.863370
-0.833892
0.640858
-0.521124
-2.817945
-2.642977
-0.354260
1.810109
-1.692636
2.174744
-0.054220
-0.148296
0.845380
0.913328
0.663038
-2.061392
-1.495193
1.962579
-0.321967
1.255896
1.013047
-0.013408
0.524223
0.192697
2.500116
-1.910317
2.415309
-0.288897
0.399874
-0.232694
-0.149750
-2.031753
0.392958
-1.174846
-0.504895
-1.399022
-2.263481
-0.248067
-1.203985
-1.074109
0.535591
1.066569
0.380418
-1.261910
-0.271084
-1.812470
0.193721
-0.091296
-1.268693
-0.439561
-0.509324
2.461541
-0.234480
-0.467768
1.830554
-0.896580
-0.356872
0.695816
2.052884
-1.244503
-0.991617
-0.212025
-0.413526
-2.621982
-1.498751
1.864299
-1.692700
-0.449990
2.415107
1.409230
-0.714303
-2.119792
1.498365
-2.293274
-1.133167
1.372167
0.203603
-0.737910
1.635228
0.851299
-2.884582
-0.831706
0.682775
2.052973
1.854053
-1.237470
-0.532835
1.920022
-0.407802
-0.670974
-1.872798
0.281769
0.320780
-0.423508
3.295270
0.939106
-1.773979
1.635705
-0.520780
1.047211
-1.242788
-1.516201
3.172095
0.208523
-0.886876
-1.101566
-0.107738
-1.176117
-0.961740
-0.035722
-1.452175
-0.761005
-0.495159
-1.625637
0.421210
-1.821059
-0.153069
-1.953767
-2.105399
1.857668
-0.283152
2.353547
1.408764
-1.890029
1.920583
1.359956
1.531783
-1.860052
-0.364702
0.285223
-0.835682
0.852934
0.343527
-1.953852
-2.160666
0.881881
-0.602883
-3.149439
-0.210986
-0.084033
-1.230917
-0.987312
-0.708426
1.609562
0.582719
-0.548769
0.325961
0.129251
2.085150
0.969536
0.099946
1.170646
0.193653
-0.547120
-1.084649
0.474518
1.885396
1.708483
-1.204481
1.671969
-0.990112
1.452164
-1.534739
1.889207
1.890988
0.519814
-1.703704
1.381814
-0.383365
-0.385473
-0.980179
-1.415433
-2.914932
-2.317843
-1.483483
-0.066741
0.066362
0.264863
2.197507
-1.043410
1.967533
-0.386141
-2.317729
-0.641562
0.176139
-0.674246
-1.628663
1.928269
-0.953073
3.367646
-0.379774
-3.000378
2.559806
1.668121
-1.187021
1.340859
0.162958
2.376203
0.169189
-2.102049
-0.046762
-2.118125
1.772407
-0.909417
-1.336365
-2.871171
0.570184
-2.558808
3.842106
-0.171548
1.002837
1.141971
-1.951592
-0.222497
1.335132
-1.285681
0.231586
0.402995
-2.563647
-1.178327
0.577795
-0.735415
-2.068897
-1.656359
-2.309669
0.421560
1.696698
-3.219490
2.817560
-1.911203
0.204614
-0.896508
-3.363886
0.462172
-0.760677
-1.175649
-0.389853
-1.618371
0.332035
0.616646
-0.263266
1.246397
-0.135446
-0.645428
0.488440
-2.223228
0.397581
1.273766
-0.282761
-0.142650
-2.194136
2.142649
-1.441421
-0.487936
0.449416
-1.297752
-3.087761
-0.860513
0.950190
0.511697
3.199621
0.780088
1.095405
-1.788025
1.569835
1.470366
-0.516749
1.189773
1.294793
-2.718397
-0.800676
1.399345
3.176198
-1.372264
1.454637
-0.151402
-2.604684
-1.074340
-0.218294
0.062173
0.334642
-2.251842
-1.668517
-0.551575
0.715120
1.089458
0.249361
-2.938941
-0.893855
0.900464
-0.046193
-0.187757
4.715966
-3.836788
-1.311721
0.918675
-0.288822
0.418191
0.027351
-2.388358
0.244567
3.402462
-2.428782
-2.105732
-0.633826
-1.564107
2.873333
0.184598
-0.446035
-0.995047
-2.388330
1.589633
-2.093479
1.060479
-2.492878
1.377266
1.270602
0.327689
0.515050
2.030410
0.180713
1.412950
0.072633
-0.790494
1.305775
1.068725
-2.929938
2.273299
-0.155345
-0.940433
2.678813
0.080463
-0.226033
0.481945
-0.738715
0.027813
2.639231
0.821430
-0.074393
0.523893
3.664061
-2.088269
1.849261
0.184542
2.366395
2.946972
1.221919
1.603750
-2.756421
0.962581
1.912338
2.916410
-1.463122
-2.429848
-2.763335
-0.174407
1.224502
0.985723
0.128749
-2.325166
3.730529
-0.084935
-1.407195
1.021688
1.699186
0.686112
-0.093896
-2.138463
-1.879868
-1.098825
-1.315988
0.932018
-1.852384
-0.709358
1.539157
0.352372
1.644150
0.966401
-3.310717
0.488059
-0.458059
-1.764345
3.303312
2.092010
0.301695
1.505253
-1.089537
0.789141
-1.414327
-1.868950
-2.973980
-0.686691
-1.275525
-0.025219
1.881092
0.123031
-2.652998
-1.742222
0.012193
0.111333
-1.454206
1.358247
1.239859
-1.546993
0.233805
-1.350247
-0.289252
0.250006
-0.376832
0.745937
-0.488441
-0.049554
2.008030
2.165803
-1.730656
-0.517337
2.131785
-1.270101
0.895369
-2.071679
-1.997432
-1.631436
1.258113
-0.843834
-1.327060
0.749981
0.257644
3.683114
0.404113
0.355955
2.858336
-0.090138
-1.213881
0.996501
0.225204
0.039253
-0.868574
0.969038
-3.258610
0.987540
-0.283699
-0.646241
0.997478
-1.398508
-1.582898
1.760520
1.186718
-0.752579
-2.289680
0.580440
1.357610
0.913702
-1.034549
-1.831024
-3.641375
0.027348
-0.104888
-0.668276
0.368881
-1.372426
1.409678
1.147083
0.038473
1.003113
-0.089018
-0.743242
-2.436487
-3.419596
-2.023620
-0.889733
-2.405089
1.010426
-1.868708
4.115289
-1.890763
-0.166252
0.928962
1.299615
1.201259
-0.074113
-0.128017
-2.871869
0.501515
-2.784071
-0.753461
0.323538
-2.528350
-0.391372
-3.265777
0.674355
-3.757112
1.495588
-1.666456
1.548694
-0.625313
-0.950695
-3.107562
-1.634333
-1.509895
2.916101
1.028088
2.201262
2.344469
-1.539449
0.494648
1.932621
3.290090
-2.204745
-1.763896
0.122510
-3.562131
-1.656541
-2.072575
1.656370
1.488326
-1.849195
-2.131616
-0.151722
-1.632150
0.372112
-3.377704
0.568437
-1.278748
-0.966336
-1.881195
1.138794
-0.981688
3.654216
-0.701459
-1.677425
0.459471
-2.449877
0.830825
1.132826
0.353505
0.972133
0.112839
1.020576
2.927622
-1.010147
0.426936
2.425859
-0.438801
-1.085124
1.572936
1.650054
0.096552
2.684352
-0.569501
-1.220670
0.521358
2.353665
-1.778191
0.875929
4.769181
1.337155
-2.650326
-3.005939
-1.942410
-2.631814
1.814982
2.043195
-2.009992
2.237208
0.639530
1.668128
2.837567
0.256193
-0.400975
1.748507
4.181362
-3.355471
-2.278257
-2.097301
-2.752752
-2.656528
-1.919250
0.007189
-0.507285
1.738207
1.909502
0.049500
0.019710
1.133326
-2.861204
-0.948048
-3.255520
-1.493634
-0.711454
1.900216
-1.991684
1.574123
0.104387
-2.784200
3.401870
1.680331
1.868309
-0.717253
4.076976
1.864801
2.028514
2.040476
-0.960240
3.226760
-0.870955
-1.952466
-1.212468
1.772098
3.488277
2.240143
-2.988290
-1.672502
1.938209
3.070019
1.544009
0.136884
1.723068
0.008662
2.461239
2.127437
1.289502
-1.175431
-0.175493
-0.030658
-0.981314
1.848802
-0.378987
-3.880308
-2.764614
-2.616807
0.165238
2.123127
0.383235
-3.282374
-1.679050
-0.597525
-3.135611
0.939298
1.865568
-3.740637
3.882706
0.377219
-3.029858
7.214507
-1.559988
0.170101
-0.587948
-0.916582
-2.783195
-0.406167
-0.557547
0.810739
-0.570742
0.253373
-0.011003
-1.388843
0.170535
3.353724
-2.091281
-2.320632
-1.639196
1.147717
-2.771720
0.267102
1.850756
-0.440136
3.736465
-0.414771
-1.853788
-0.287551
1.845910
-1.878344
2.210536
0.574081
3.407780
-2.832611
-1.171679
1.650974
-0.637912
0.422901
1.003841
-1.189542
2.407843
-1.733093
-1.535362
-2.137545
2.619407
0.257509
-2.060810
4.594628
1.278901
-2.010947
-2.290985
0.030904
-2.433095
-0.904558
2.390444
0.471458
1.574111
-1.154518
-0.255241
2.909715
0.226194
-1.299139
0.060465
-0.474342
6.031357
-2.897945
-1.549584
-0.041111
-2.134770
0.192004
2.753263
2.105005
-0.097322
0.085668
-1.439438
-0.881928
-0.321671
3.694229
-2.179975
-2.880258
-0.438600
-2.115951
-0.416904
0.158167
1.048292
-1.444938
-1.129884
4.031494
1.016506
-3.263944
2.655384
-1.860562
2.941501
-2.207128
-1.392784
-0.344682
-0.576599
2.146312
2.675572
-1.286433
1.587832
-1.022146
-3.324093
1.348657
0.755371
-1.991127
2.196834
4.975448
-2.858995
3.702110
-1.946923
1.308215
-3.010099
-0.708417
-1.721955
1.707824
3.492379
-0.937917
0.824993
5.061469
1.097056
2.261755
-1.809338
-2.774310
-2.338390
-3.649429
-1.013625
2.537495
-1.210797
-1.914415
-0.879122
-1.689436
-1.629786
-2.354522
-2.943768
2.769278
-0.685863
3.182844
0.961411
-1.910175
0.444936
-1.989156
-2.888093
-1.549258
-3.643625
5.722126
-0.957387
-0.264053
0.237317
5.168880
-1.574198
-3.706141
4.020749
-2.325617
-2.714279
-1.104622
0.650022
0.637909
3.687219
3.222170
0.868628
2.593285
-2.359993
2.794480
-1.840396
2.947446
-2.491196
1.979329
-0.879863
1.354465
2.890309
4.675556
-0.103690
-2.332899
4.332974
-2.904478
-1.279426
-4.163581
0.283695
1.144871
-1.640880
-1.120926
0.294157
1.179134
5.259665
1.128148
-0.017816
-1.478142
-0.733995
1.998229
1.765201
3.046214
-3.271508
2.436888
2.374145
2.590458
2.241652
0.346858
-2.726228
3.520534
2.295790
-0.627797
3.352340
0.042178
-2.822258
0.082867
0.408771
-2.315585
0.607535
0.496643
-0.510159
-1.525743
-1.832836
0.490433
1.741735
0.258420
-1.218156
2.544754
2.020288
-1.640347
1.387832
-1.209663
-1.257076
-0.058167
-1.536886
-1.642479
-1.269276
4.449525
-1.067276
-2.126377
-1.084176
-0.277408
-1.062787
-1.913381
-1.979600
2.979112
-2.964999
-0.289991
2.992130
4.487754
3.193005
1.547513
-0.309540
-0.523534
3.572048
3.321976
1.247571
4.032037
0.526400
0.167990
0.119678
-1.728337
0.331810
4.271360
-0.181122
-0.538198
0.441758
-0.108502
0.105758
1.280872
1.342691
0.130529
-2.236601
2.184303
1.418656
4.009663
2.885489
3.200584
-1.785433
-2.361579
0.119073
1.422733
1.053195
0.368070
3.793591
5.569840
0.392094
-1.832530
-0.633189
2.174761
-1.853936
3.574433
-1.244540
-2.925214
-1.027246
5.040158
-2.007593
-2.140691
-1.860056
-1.635499
0.477366
-2.319599
-2.271065
1.910452
-1.714062
-1.763232
-1.250486
2.149886
3.574841
-0.972865
2.799905
-1.971329
1.805099
-1.869207
-0.924500
-0.270964
-0.801114
0.593508
0.858013
0.874036
-0.940499
-0.216237
-2.033494
-1.684364
-1.823627
0.783445
-1.002985
1.279355
-0.965847
-0.356637
1.162316
3.205890
2.165730
-0.222289
1.516552
-1.071290
-2.722882
2.715880
-1.093367
0.375690
-2.071727
-1.568469
-1.958112
-2.601579
-1.021478
-0.864117
0.014014
-1.784055
-1.765261
0.934353
1.152552
0.980186
3.296856
-1.193178
-0.936374
-0.529719
-0.396876
1.883160
-1.135433
3.586846
-3.031198
2.473286
-1.621751
-1.331424
-0.525796
-0.416985
-1.056454
0.622655
-1.539729
-1.845496
0.562847
2.734659
0.147658
-1.437811
-2.072822
-2.118690
-1.584706
3.471816
-0.964396
-1.431211
2.558832
-2.780233
-2.549244
0.355528
-1.319432
-0.334785
-1.712710
4.398715
-0.951575
2.633215
1.652459
2.701497
4.707157
-1.069276
1.706488
-2.331824
1.050117
-1.695002
-1.056298
2.716563
3.533634
0.070425
0.526142
-2.519274
3.309835
2.375121
0.443376
2.584866
0.270208
2.390009
1.497898
1.197550
-1.075877
1.444927
-2.295328
1.347358
3.330294
-1.511067
3.009998
-2.183461
-1.449233
1.640504
-2.146395
0.867309
-0.921521
2.782373
1.325030
-1.011656
-1.059664
0.158902
2.067295
-1.169485
-1.058779
-0.616195
-2.840623
-2.010680
-3.042114
4.527792
-0.639181
5.358262
-1.916353
-0.597563
-0.776496
1.400673
2.534030
3.853480
2.513746
0.122570
-0.840841
-3.555590
-2.222340
3.965012
-0.480446
-0.848840
-3.062278
2.681173
-1.107516
-1.243066
-0.979190
-0.432926
0.016369
-2.126529
0.904950
-1.672140
0.241842
-0.874413
-1.529829
-1.646991
0.471146
4.142690
-2.046371
-0.778798
-1.687578
0.349186
-0.566380
-0.370389
-1.669852
-1.834607
3.265192
-0.379241
-3.214957
-1.055244
0.685010
2.199428
1.969692
-1.684938
2.512264
-1.523036
-0.962885
3.006293
0.541153
4.940055
-0.997821
-0.092408
-0.287200
-0.699413
0.478781
-1.700621
-0.990755
-0.933923
1.580351
4.058597
1.486987
-0.161189
3.065436
-1.055134
2.901279
-2.083231
-2.054880
-0.349540
1.350343
-2.463614
2.894804
-1.921854
0.524817
6.463470
-2.314655
2.057159
-0.874161
-0.369865
4.194908
-0.617416
-1.685406
-0.499855
3.411247
-1.085882
2.894703
-0.400465
-1.991327
3.436316
-1.233648
-1.732720
-0.417844
-1.642978
-0.765996
1.317158
-0.998564
2.959464
-1.115880
-0.578200
1.433043
2.174065
-0.198174
0.788970
-1.127083
2.554966
5.884470
-1.159960
-1.279515
-0.558328
0.789386
-1.160877
-2.225316
-1.793613
-0.612468
3.797914
-1.103628
-0.876539
-1.091192
1.426255
-1.026326
-2.187617
1.299292
-1.670969
5.754760
1.832503
-1.132547
-2.760759
-0.738832
-1.086417
0.514468
-1.169562
-0.959915
1.308053
-1.004554
-0.607243
-0.011479
-0.382176
0.305973
0.413243
-1.910569
1.661747
-0.925274
1.862765
3.684631
6.858950
-0.611182
-0.288655
-0.839994
4.080304
-2.191932
-1.246780
-1.181545
1.791529
2.993989
-2.125905
-1.073590
-0.430252
-0.400097
-0.859065
-0.914277
-1.684631
-0.978287
1.211174
-1.148271
-0.054536
-0.494733
-0.687957
-0.043610
-0.508233
-0.538740
-0.585599
-0.563411
-0.314288
4.368176
3.781202
-2.298457
-1.020180
3.567950
4.046826
1.762893
1.401079
-0.722699
-1.047925
-0.656721
0.431067
-0.615177
4.897681
3.546194
-0.247402
-0.411419
-0.012141
-0.509406
-0.253335
-1.116213
1.977759
-0.261995
6.922700
0.592976
0.901011
-1.897486
-0.316258
0.472948
0.339655
-0.979441
3.905789
-0.363906
-0.209440
2.948855
0.263431
-1.079330
-2.260152
1.163382
1.405570
-0.397879
3.495488
-1.050028
-0.973092
-0.609217
3.338433
0.053339
-2.111857
-0.278953
-1.435592
-0.379977
3.368750
-0.209551
-0.557586
-2.180904
-0.101095
4.533847
3.227622
-0.649824
-1.008660
-0.562710
-0.478294
2.264272
0.029348
1.759925
3.563194
-1.216279
-1.234798
-1.113914
2.916946
-0.498585
-1.030390
-0.000638
4.316839
4.009526
-0.600206
4.517898
-0.154047
-1.233926
1.061980
-1.112596
0.511863
3.773215
2.539908
-1.229077
-0.522502
-0.632484
0.560902
2.272115
-0.626224
5.449612
-1.239046
2.928522
3.266069
-0.788300
0.054873
-1.221411
-1.124099
-0.147103
-0.255290
-1.148123
-1.030744
0.782082
0.269125
3.948899
-0.174736
4.690886
-2.893054
4.709070
4.465416
2.956944
4.603222
0.191905
0.060120
0.458986
-0.535601
0.673934
-0.649726
-2.247381
-0.436786
1.845206
4.713951
-0.568758
-0.539974
3.609822
-1.110856
-0.112940
-1.004873
-0.940692
2.378177
-1.053126
-0.534111
-1.309139
-0.498358
-0.886322
-0.474094
-0.234581
-1.150836
-0.969831
-0.950538
-0.362965
3.680535
-0.547495
0.959701
4.415014
0.448335
1.916077
-1.073215
-0.722846
-0.990837
4.152097
-0.939307
-0.411454
0.717111
-0.084178
-1.328888
-1.093127
-0.327449
-0.395919
-1.443052
1.124298
-0.444878
-1.050694
3.484115
-1.201039
-1.600940
0.932988
1.695279
-1.108271
-1.080687
-0.176487
2.846916
2.446082
4.121918
-0.550429
-0.894186
-0.815135
4.812826
2.767034
-1.101909
-0.717094
-0.422337
0.149089
-1.314476
0.810307
1.987041
3.009662
-1.085070
0.225869
2.373532
1.478610
3.434701
0.312436
-0.438068
-0.436271
4.792747
-1.468272
-0.665957
-0.889281
1.118334
-1.103305
-0.338736
-0.665987
0.804321
4.291443
-0.408965
-0.896465
-0.884320
-1.010249
0.024236
0.459057
-0.617787
-2.262124
2.410432
3.868495
-0.365058
0.794516
-0.385712
4.154489
0.159992
-0.335194
-0.414659
0.092706
-0.350725
0.020966
-1.070175
-0.264808
4.538846
0.539350
-1.072934
-0.470569
0.579687
5.696349
-0.519071
2.384167
-0.453806
-0.435803
-0.865490
-0.342885
0.329002
-2.186671
-0.550421
3.055955
-0.903880
-0.785281
-1.053997
4.005445
-0.329239
-0.570716
6.183036
-0.640904
-0.534537
-0.448815
-0.532950
-0.455603
3.366770
-0.305470
-0.883698
-0.790440
5.008204
3.575395
-0.236510
3.891979
-0.387281
-0.553568
4.531183
3.642828
-0.671703
-0.612371
-0.469172
-0.528574
-1.059601
1.262878
-0.504953
-1.551379
-1.132498
4.478838
-1.078928
-0.647410
-1.083604
-0.558128
-0.791737
-0.439065
-0.586181
0.059249
0.797628
-0.646242
-0.526514
0.242843
-0.469410
0.253325
-0.489882
-0.503874
-0.327354
-0.412140
-0.679823
-0.413312
-0.416483
-0.654383
4.139592
-1.063360
1.165165
-1.249874
-0.677300
-0.532394
2.223807
-0.870047
6.276010
1.007365
3.767704
-0.492819
4.068638
0.413127
5.085447
0.620531
-0.541583
4.263066
5.222281
-0.827557
3.752817
3.084753
-0.252502
0.138986
2.271445
0.937042
-0.115785
-0.469975
-0.519299
-0.436804
-0.849335
2.163188
2.296302
-0.044213
-0.470318
5.414706
-0.752022
-0.476490
-0.446272
-0.535839
-0.542373
-0.820870
-0.513421
-1.046299
-1.846000
1.125054
-1.089737
1.113564
0.060374
0.182024
3.509981
2.696754
-1.110508
2.213532
-0.372995
-0.566024
0.567764
4.091506
-1.060874
-1.016875
-0.563695
0.414500
3.175121
-0.368534
-0.417498
-0.435837
-0.235806
-0.607475
3.857139
-1.067671
-0.412841
-0.587430
-0.565733
-0.635665
-0.401355
3.450096
4.698632
3.358024
1.158741
0.611832
-0.460517
1.093405
3.367790
-0.558758
-0.592018
0.084083
-0.747294
0.043717
-0.475544
-0.621463
-0.902774
-0.582493
-1.385792
-1.049526
-0.451152
-0.542586
-0.581220
-0.533824
-1.052619
-0.408084
3.717182
-0.371247
-0.496318
4.858871
2.794652
-0.618262
-0.504720
-1.161042
-0.448760
-0.873692
5.239975
4.458894
-0.346384
-1.064817
2.649826
-0.641379
0.622925
5.275298
3.425108
0.050172
-0.513465
0.043171
0.559191
-0.485841
-1.036243
-0.623933
3.175538
1.536834
-1.163449
-0.380759
-1.176912
4.526244
-0.461539
0.529360
0.733676
-0.527908
4.562601
4.118414
-0.753400
-0.455657
-0.497395
0.048276
4.868439
-1.145461
-1.470545
-0.627070
-0.978972
0.387639
-1.108327
-1.099968
-0.883287
-0.888637
-0.396130
-0.458531
-0.521935
-0.497154
-0.411479
2.834469
-1.203665
4.739553
-0.471196
0.605787
5.696342
-0.305085
2.407425
4.119485
-0.433138
2.125385
-0.395702
-0.907441
-0.738841
-2.010672
3.762197
0.271398
0.654819
-1.146105
2.513952
-0.570702
-0.563233
-1.064012
-0.466897
0.428483
-0.494856
3.808877
-0.607264
3.469159
4.255037
-0.568664
0.834191
-0.780135
-0.773296
-0.431126
-0.305613
-1.056082
-0.551640
4.345340
-1.143497
2.950925
3.674519
3.993710
0.108223
-0.515574
3.599991
3.017370
-0.461419
-0.383405
-0.551198
-0.266407
0.053199
0.216094
-0.713244
-0.915700
-0.417986
-1.150378
-0.493803
-0.401688
0.114068
0.653706
-0.569201
-0.471644
0.119067
-0.435895
2.493176
-1.095274
-0.245212
0.213507
3.900101
-0.710155
-0.446851
1.589770
-0.448678
-0.613528
-0.589156
-0.411111
-0.460199
-1.077761
4.720951
-0.415005
5.651100
-0.782754
3.485040
-0.431762
-0.344583
0.549235
-0.188011
-0.543876
0.075428
2.148119
0.266088
3.296576
-0.457211
0.179073
-0.567356
4.056621
-0.777663
-0.827709
-1.032218
-1.237404
-1.138962
0.694453
-0.477399
3.215654
-1.221890
-0.558568
3.572396
-0.440378
5.766375
0.395581
0.066037
-0.422709
0.039853
-0.400883
0.014882
-0.272881
-0.580131
-0.375661
-0.395788
4.127521
4.050755
-0.490625
-0.528206
3.660491
-0.112362
-0.513822
-0.464893
3.368114
2.998312
-0.430751
-0.469629
-0.927253
-1.027003
-0.551876
-0.506616
0.228620
-0.452457
-0.908566
0.112040
-0.467451
-0.413561
3.358777
0.575620
5.276861
-0.601973
-0.343387
-0.734962
4.733525
-0.577881
-0.603573
-0.440917
0.898083
0.359740
3.042660
-0.614369
-0.707685
-0.832514
4.176582
1.003025
-0.729421
-0.482012
0.033368
-0.919172
-0.549106
4.055809
-0.085850
-0.436984
-0.077423
-0.077108
-0.785852
-0.770948
-0.427762
-0.634726
-0.450437
-0.404846
-0.388833
5.328454
-0.425521
-0.522878
-0.443345
-0.484225
-0.476935
-0.209076
-0.573704
-0.493492
-0.406402
0.384104
0.324619
-1.248128
-1.113888
-0.433875
5.494738
5.976616
-0.621563
6.358354
3.608602
-0.414215
-0.093085
-0.460512
2.953436
-0.497604
-0.364387
-0.513363
-0.940094
-0.573081
-0.499753
0.658526
-0.218719
0.570821
-0.485006
-0.442085
1.027021
2.288774
0.760800
0.095195
3.583319
0.047622
2.052590
3.550443
-0.797895
-0.741673
0.381631
-0.620285
5.234424
-0.755333
0.068361
-0.137359
0.041751
-0.466761
-0.905139
-0.540930
-0.357570
-0.481851
0.283044
-0.538260
0.008393
4.099570
3.488162
-0.494857
0.223599
-0.631347
-1.051232
4.079865
-0.455204
-0.411183
-0.567553
-0.844873
4.950388
0.080969
4.820273
0.785795
2.819456
-0.542594
-0.603673
3.284351
-0.400242
-0.477659
-0.239043
3.622550
-0.816374
0.145506
-0.540293
-0.757154
0.346023
-0.768228
-0.445521
4.634470
-0.385813
-0.446550
-0.093696
-0.742772
2.909490
-0.473111
3.629244
-0.788929
-0.609799
-0.516440
3.368423
4.344330
-0.618975
0.041134
0.738643
4.036691
-0.580145
0.240604
-0.439850
0.083604
0.996192
3.094373
-0.095007
3.600317
-0.511938
4.205400
-0.588071
-0.483389
-0.592239
-0.134438
4.938922
-0.542099
-1.005957
-0.420247
-0.588464
-0.536171
-0.572349
-0.390570
-0.668747
-0.545050
3.571941
-0.665864
-0.451326
0.850436
4.169044
3.208137
0.398018
-0.611417
-0.616384
4.804730
-0.050206
-0.837613
3.373669
-0.747516
-0.758366
0.264901
-0.074187
-0.749181
0.112971
-0.386542
-0.432515
0.102359
-0.564252
-0.938041
-0.473648
-0.480903
-0.126543
-1.069849
-0.431793
-0.768481
-0.495112
2.865065
-0.418760
4.144665
-0.455898
4.702310
5.621237
-0.546274
0.076761
4.412458
-0.588026
-0.570937
-0.275412
-0.039778
-0.589804
-0.873032
3.603889
-0.436053
-0.686294
-0.445145
-0.486403
-1.084261
-0.527326
-0.823643
-0.571116
-0.538476
3.586485
3.686670
0.035155
-0.555573
-0.512251
-0.540299
0.211749
-1.134341
-0.463512
-0.060766
4.754094
3.491896
0.283981
4.007185
-0.092183
-0.543032
-0.605978
0.296335
-0.561405
-0.540800
-0.531629
-0.612123
-0.543388
-0.553150
4.532874
-0.088494
4.195445
4.094313
-1.637488
6.775601
0.042356
-0.587114
-0.346746
-0.450997
-0.781883
-0.574595
-0.635161
-0.761579
-0.674968
-0.530928
3.596057
-0.774939
-0.550269
-0.648075
3.805102
-0.549930
4.090260
-0.472992
-0.079576
-0.393468
3.527435
2.463144
-0.553604
-0.624911
-0.162013
-0.073335
-0.641827
-0.587973
-0.077419
-0.116583
-0.247564
-0.620518
-0.252430
-0.387262
-0.506802
-0.084740
0.226364
-0.546577
-0.288817
-0.628087
-0.510315
-0.575221
-0.525141
-0.751364
-0.328325
3.565937
-0.621735
-0.513809
-0.532339
-0.439893
0.579311
-0.294023
-0.783075
2.770180
-0.037869
0.496603
-0.413184
-0.417055
-0.773771
-0.760293
3.676610
-0.568792
-0.775465
-0.501002
2.599256
3.707371
-0.451885
-0.496120
-0.070671
-0.527115
0.222702
-0.965337
0.200978
-0.592642
-0.448237
-0.576707
0.785449
0.076149
4.227526
3.539054
-0.497484
0.103510
-0.580341
-0.451438
-0.788351
-0.243060
0.236373
0.281771
3.272070
-0.351401
-0.078438
-0.836430
2.504388
4.508521
-0.759450
-0.549660
-0.777493
-0.451152
2.975906
3.841291
4.590146
3.944571
-0.473266
4.193243
-0.590221
3.394539
-0.809629
-0.045016
-0.488377
3.427563
-0.744683
-0.673512
-0.602601
-0.089748
2.996035
-0.525285
-0.612463
-0.935899
0.122072
-0.831861
5.275107
-0.902812
-0.775513
-0.101033
-0.115079
-0.415488
-0.767200
-0.801993
-0.456472
-0.099812
3.489627
-0.627415
-0.742138
-0.540926
4.010822
1.023708
0.792311
5.481294
-0.541698
2.602226
3.923070
-0.133759
-0.076212
0.124500
3.732424
0.554820
-0.258459
3.822235
-0.871524
-0.119026
-0.793446
2.544642
-0.815058
-0.435223
-0.705757
-0.101379
-0.202380
-1.110271
-0.740312
-0.630298
-0.205138
-0.587837
-0.823373
-0.556779
-0.522934
-0.754196
2.544242
-0.044436
-0.554530
-0.048239
3.557156
-0.801927
-0.552523
-0.074118
-0.390538
0.611475
-0.775969
-0.020509
-0.507480
0.022423
4.115711
0.221895
-0.447777
-0.474165
-0.059277
3.684506
-0.476997
-0.580838
-0.449499
-0.631538
-0.281200
3.426761
-0.426208
-0.613081
-0.420405
-0.773212
-0.438597
-0.687065
4.466320
-0.111395
-0.396930
-0.489852
3.875868
-0.056557
-0.150497
-0.095612
-0.794974
-0.763128
0.813817
-0.743422
5.500183
0.130959
3.154291
-0.066107
0.074595
-0.610416
6.338006
-1.053324
-0.803420
0.105473
0.963576
3.707531
-0.767449
-0.736767
-0.773327
0.064394
4.590254
-0.506716
0.016092
4.811034
3.670268
-0.090407
-0.229388
-0.787406
-0.413584
-0.897908
-0.540947
-0.536175
-0.451443
-0.061554
-0.745138
-0.148414
2.980806
-0.274836
-0.773840
-0.586148
-0.553137
-0.550843
-0.838819
-0.066236
-0.161675
4.137400
-0.574999
-0.066154
3.545070
3.054275
3.845779
-0.397340
-0.785767
4.051423
3.165468
-0.126395
-0.231098
-0.536602
-0.609684
0.238275
-0.102868
-0.738242
4.630900
0.111243
-0.722375
-0.093827
-0.302384
-0.040678
3.214831
-0.575136
0.200846
-0.458922
0.222755
-0.624457
-0.282658
-0.428438
-0.064556
0.046926
-0.770847
-0.728854
-0.749738
-0.103500
3.352189
4.677851
-0.770828
-0.785269
-0.706561
-0.055126
-0.764650
-1.034404
3.433539
3.136102
-0.082824
-0.092811
-0.778760
-0.594461
4.055857
-0.140794
-0.077943
-0.616055
-0.631273
-0.408004
-0.517099
0.122801
-0.731182
-0.429357
0.048208
-0.599831
-0.287850
-0.753308
-0.305919
-0.112116
-0.740469
-0.510631
-0.173420
0.561822
-0.765009
-0.591851
-0.429699
-0.080626
-0.062686
-0.068008
-0.087103
-0.523534
3.564652
-0.568489
-0.709728
3.662511
-0.064173
-0.788136
0.921240
-0.592397
-0.095862
-0.781368
-0.727168
-0.146070
3.654425
-0.064894
-0.068631
-0.065419
0.197750
-0.046722
-0.087149
-0.589962
-0.506998
1.143034
-0.114509
5.388780
1.077405
-0.283090
3.485202
-0.462573
-0.072071
0.415765
-0.094397
-0.450652
-0.789645
-0.091073
-0.147216
-0.075050
-0.772124
0.113777
-0.795061
-0.824646
-0.811019
-0.764918
0.059365
-0.055695
3.679316
0.285858
-0.724478
-0.545598
-0.774037
2.433954
-0.048044
-0.727732
-0.053763
-0.058543
-0.544971
3.551054
-0.536862
3.569405
-0.591258
-0.772148
-0.777120
-0.335976
-0.710374
-0.417070
-0.745075
-0.592931
-0.825191
4.097759
-0.103771
4.276928
-0.063708
0.776943
-0.551653
0.047187
0.854604
-0.123325
-0.750431
0.021803
1.009073
0.062856
-0.489877
-0.933949
-0.979547
0.127252
-0.772928
-0.795924
3.589202
3.623155
-0.372766
-0.031336
-0.088620
-0.494444
-0.738242
5.971332
0.065432
-0.779105
-0.565463
-0.716388
3.841733
-0.756495
-0.757465
3.457813
-0.072730
-0.089564
-0.767891
-0.507973
-0.021746
-0.056216
1.298104
-0.773017
-0.032301
0.220833
0.048012
-0.739309
0.264777
-0.124607
-0.887908
-0.776633
-0.604617
5.014357
-0.059692
0.053259
3.796852
-0.524162
0.042085
-0.826126
-0.811449
3.119774
-0.079711
-0.060040
-0.751709
-0.515261
-0.111150
-0.066586
-0.767121
-0.557041
-0.053642
-0.764087
-0.655071
0.028867
-0.543355
0.033070
-0.104532
-0.822408
1.569059
-0.775834
0.987823
3.169030
0.994508
-0.095098
-0.759629
4.460756
-0.719227
-0.789182
-0.319898
-0.716074
-0.103074
-0.080196
-0.065215
-0.090579
-0.760290
-0.721069
-0.111776
0.088889
-0.131236
-0.781875
-0.748925
-0.808042
3.622600
-0.088330
-0.495519
3.646530
-0.758252
-0.765795
-0.279429
-0.020176
-0.302424
0.172512
0.032478
-0.254537
3.167869
2.001677
-0.738044
0.221526
-0.052473
4.194258
-0.038325
-0.760482
4.223710
4.240883
-0.055751
3.480639
-0.785425
5.659299
-0.022479
4.336492
-0.119236
-0.780241
-0.896832
-0.625222
-0.532531
-0.778701
-0.778503
4.278416
-0.446731
-0.424893
-0.097788
0.077153
-0.042418
0.000243
-0.615817
-0.759278
-0.058294
-0.140738
-0.060281
-0.525480
-0.742978
-0.127131
-0.761518
0.490808
-0.775521
-0.736270
-0.699445
2.653501
0.103429
-0.094884
-0.779477
-0.761573
0.098738
-0.765812
4.853815
-0.063875
-0.805311
0.141403
0.716706
-0.094563
-0.057789
-0.034744
-0.078714
-0.797420
-1.003371
-0.104586
-0.378382
0.648271
4.258751
3.947330
-0.752892
-0.791029
-0.755560
0.093765
-0.770146
-0.281005
-0.022143
0.312081
0.162639
-0.078636
0.049639
3.504117
-0.105031
-0.020509
-0.064922
3.490281
3.847167
-0.753851
-0.791352
-0.769862
-0.797164
-0.053206
-0.723958
0.269994
-0.593665
4.248968
-0.724365
2.624707
3.527426
-0.783414
-0.715740
4.766781
-0.157091
1.099400
-0.745336
-0.795531
-0.265269
2.122243
0.225684
-0.036118
-0.764569
0.211931
-0.792393
-0.022143
-0.530884
-0.152807
-0.730800
-0.782827
0.078094
-0.918999
0.876984
4.800375
-0.784731
-0.558575
4.765947
5.393369
0.794847
-0.748731
-0.151227
1.067156
-0.753754
-0.849397
-0.212699
-0.084501
-0.715896
-0.075889
-0.115684
-0.737434
-0.087731
-0.045571
-0.789152
-0.035431
-0.052269
-0.808674
0.360219
-0.297233
-0.710307
-0.588292
-0.300731
0.010151
3.786092
-0.068213
4.759536
-0.307090
-0.133802
-0.056367
-0.172848
-0.020509
-0.753978
-0.771672
-0.747439
-0.262234
-0.764581
-0.052760
-0.762770
-0.760131
0.854198
-0.045998
-0.744978
-0.030473
-0.047444
-0.248537
-0.071486
3.531538
0.028928
-0.759559
1.168432
-0.782636
-0.760859
-0.793280
-0.780448
-0.251843
-0.736868
-0.031402
-0.822495
-0.087846
-0.799022
-0.045406
-0.069026
-0.774284
-0.785678
0.058862
-0.266005
-0.059039
-0.062644
-0.748875
-0.086265
-0.751975
-0.137895
-0.777557
-0.135359
-0.504884
-0.124807
-0.811920
-0.784569
-0.036134
-0.761966
3.647688
-0.763321
-0.288005
-0.082302
-0.390743
-0.058147
-0.815409
-0.069596
-0.779894
-0.805840
-0.037355
-0.736274
0.243089
-0.734062
-0.750113
-0.071288
-0.110709
-0.020509
-0.808756
-0.061817
-0.058865
-0.997388
-0.021746
-0.786618
-0.079535
3.121345
-0.794053
-0.783875
-0.078148
-0.766663
-0.098085
-0.735596
-0.286996
-0.751853
-0.762775
-0.575849
-0.060107
-0.757874
3.463866
-0.120907
-0.048400
-0.026753
-0.191607
-0.059045
-0.053798
-0.864915
-0.099016
3.583131
-0.055052
-0.046143
-0.752728
-0.040429
-0.772719
-0.777482
-0.781382
-0.763109
-0.799804
-0.209033
-0.254587
-0.780396
-0.098242
-0.768892
-0.284037
-0.063957
-0.767177
0.001921
-0.646548
-0.718650
-0.755942
-0.152495
-0.734343
-0.083377
3.537690
-0.020509
-0.068068
-0.084538
-0.797289
-0.080112
-0.237475
-0.752022
0.061450
-0.762669
4.547716
-0.048120
-0.752235
-0.100975
-0.769347
3.221312
-0.776018
-0.067335
-0.799254
-0.095812
-0.784702
-0.770733
-0.052097
-0.784477
-0.732779
-0.755225
-0.793712
-0.056430
-0.051562
-0.048054
-0.022479
-0.050170
2.390340
-0.562816
-0.578261
-0.059878
-0.797882
3.070100
3.631661
-0.388928
4.042916
-0.792548
-0.274323
-0.104280
-0.020176
-0.056745
-0.049965
-0.561446
-0.783847
-0.750105
3.803622
4.526585
-0.769307
-0.066107
-0.157882
-0.082516
-0.035076
-0.783659
-0.726469
-0.068474
-0.072924
-0.127521
-0.069033
-0.811071
-0.055174
-0.238826
-0.766315
4.785459
3.605435
-0.087113
0.013825
3.628905
-0.043797
4.231327
-0.080827
2.571165
-0.443778
-0.703659
-0.728071
-0.783140
-0.821415
-0.770484
-0.815067
-0.825842
3.586074
-0.799200
2.862040
-0.748311
-0.782777
-0.039913
-0.104208
-0.745336
-0.078672
-0.788080
-0.776055
-0.065370
-0.803979
-0.054067
3.778931
-0.055174
-0.066314
-0.762655
3.798165
4.165041
-0.099129
3.188930
-0.786196
-0.808078
-0.031795
4.427212
-0.070752
-0.781282
-0.033514
-0.070687
-0.049746
-0.020509
-0.039680
-0.099683
0.988632
-0.798476
-0.792804
-0.055055
-0.103261
-0.790894
-0.078009
-0.020509
-0.801048
-0.763466
-0.751044
-0.047756
-0.760373
0.011479
-0.719000
4.785006
-0.519143
-0.370128
-0.772057
-0.057180
-0.082211
-0.071162
-0.777934
-0.104632
-0.107666
-0.269148
-0.801867
4.195775
0.019586
-0.747946
4.776725
6.741744
-0.761763
-0.785649
-0.058126
-0.094439
3.070426
-0.049150
4.853227
4.212763
-0.752525
-0.787146
-0.581146
-0.036312
-0.702756
-0.067435
-0.022143
-0.804991
-0.773983
-0.766141
-0.047688
-0.757486
-0.096032
-0.057001
-0.046143
-0.078814
-0.752737
-0.022479
-0.036065
-0.728640
-0.775368
-0.753397
-0.726400
-0.073338
-0.775911
-0.032065
-0.073008
-0.743271
-0.054404
-0.062997
-0.037756
-0.106379
-0.044827
-0.794330
-0.140658
-0.098336
-0.082552
-0.077416
-0.787538
-0.780284
-0.168582
-0.664745
-0.020509
-0.754113
3.052489
-0.766147
-0.754269
-0.082065
-0.769228
-0.792805
-0.033818
-0.794282
-0.081807
-0.071818
-0.314220
-0.097637
-0.734523
-0.742293
-0.760605
4.669108
-0.056926
-0.144284
-0.600055
2.742462
0.071043
-0.789256
-0.020509
-0.070012
-0.061249
-0.769659
-0.039011
-0.020509
3.342061
3.568898
-0.151279
-0.621152
-0.080375
-0.789051
-0.022479
-0.035278
-0.031397
-0.776174
3.694522
0.087871
-0.051992
-0.807413
-0.066785
3.918324
-0.285798
-0.053507
-0.735671
-0.740047
-0.170817
3.500193
-0.810715
-0.742526
-0.770214
-0.035409
-0.022479
-0.779489
-0.126017
4.732836
-0.796567
-0.059088
-0.107167
3.308321
-0.826869
-0.267348
-0.718503
-0.592261
-0.755578
-0.085063
-0.021746
-0.586857
-0.778349
-0.048722
-0.774153
-0.782929
-0.747786
3.522979
-0.752391
-0.784152
-0.804636
-0.807679
4.779081
-0.761753
-0.102441
2.656097
-0.321654
-0.116595
-0.031690
-0.070645
-0.770770
-0.046729
-0.735111
-0.085093
-0.761723
-0.092577
3.230410
3.694674
-0.029788
-0.034033
-0.033147
-0.753673
-0.769153
-0.081096
-0.754790
-0.055566
3.643586
5.129841
-0.042958
-0.038441
-0.080840
-0.021746
-0.735404
-0.744465
-0.020509
-0.763466
-0.033664
-0.272271
-0.022143
3.719565
-0.105333
3.652928
-0.744397
-0.785458
-0.799197
0.027590
-0.740211
-0.739813
-0.107052
-0.794726
-0.757473
-0.744629
-0.021746
-0.056852
-0.067494
-0.761896
3.618850
3.820166
-0.020509
-0.768986
-0.788661
-0.038990
-0.071464
-0.784025
-0.046734
-0.766983
-0.752022
-0.776634
-0.761896
-0.737756
-0.738520
-0.809349
-0.097000
-0.766368
-0.801865
-0.061717
-0.784873
-0.776953
-0.065549
-0.773920
-0.135864
-0.087158
-0.788093
-0.071010
-0.766896
-0.768111
-0.063245
-0.778051
-0.051315
-0.052732
-0.135743
-0.806630
-0.757885
-0.025292
-0.047421
-0.121805
-0.020509
-0.713787
-0.803559
-0.036689
-0.054300
-0.788295
-0.788087
-0.787245
-0.807165
-0.021596
-0.032025
-0.798761
-0.294702
-0.753592
4.274034
-0.756429
4.314984
-0.794978
-0.069873
-0.080783
-0.839670
-0.800053
-0.086394
-0.776953
-0.072012
-0.757862
-0.043946
-0.793198
-0.261556
4.739888
-0.759901
-0.122639
3.221708
-0.774972
-0.785055
-0.083699
-0.740917
-0.771587
-0.020509
-0.790547
-0.088150
-0.109368
-0.743599
-0.129839
-0.785843
-0.780328
-0.757958
-0.772334
-0.761024
-0.057869
-0.750054
-0.769532
-0.060012
-0.050077
-0.252188
-0.020509
-0.083116
-0.116442
-0.081776
-0.027346
-0.760150
-0.020509
-0.054443
-0.047873
-0.053826
3.694390
-0.122064
-0.784322
-0.054444
-0.762831
-0.781895
-0.769852
3.831277
3.700416
3.704381
-0.776956
-0.820258
-0.756937
-0.046757
-0.074080
-0.742197
-0.592205
-0.080096
-0.063566
-0.053914
0.840616
-0.796419
-0.049487
-0.030866
-0.784950
-0.818915
-0.069196
-0.759624
-0.750986
-0.020509
-0.030476
-0.790171
-0.079944
-0.726400
-0.037292
-0.021746
-0.076427
-0.770597
-0.075494
-0.768986
-0.760877
-0.761522
-0.021746
-0.022479
-0.051016
0.593159
-0.764258
-0.769696
-0.759783
-0.732000
-0.799178
0.121802
-0.113929
-0.053689
-0.788075
-0.157370
-0.756429
-0.109731
-0.727201
-0.775174
-0.049508
-0.096406
1.591994
4.566567
-0.098666
-0.236794
-0.046032
-0.765443
-0.744397
-0.790746
-0.020509
-0.764995
-0.055217
-0.220353
-0.020370
-0.788940
-0.777402
-0.020509
-0.734387
-0.046496
-0.767570
-0.801294
-0.020509
-0.756238
5.494703
-0.750054
4.134306
-0.111500
-0.021746
-0.768126
-0.055151
-0.723997
-0.754532
-0.022143
0.110340
-0.804367
-0.020509
-0.020370
-0.020370
-0.785435
-0.766878
-0.768278
-0.747946
-0.750853
-0.817943
-0.780104
-0.750993
-0.779600
-0.758184
-0.792320
-0.116544
-0.020509
-0.760656
-0.764569
-0.794956
-0.766757
-0.789313
-0.716527
-0.021746
-0.021746
-0.093967
-0.084624
-0.054463
-0.769907
-0.766835
-0.056321
-0.758537
-0.061033
-0.753611
-0.761723
-0.780884
-0.097737
3.818197
-0.042272
-0.756429
-0.804524
-0.714590
-0.761024
-0.092945
-0.029494
-0.022143
-0.060344
-0.022479
-0.051808
-0.045892
-0.765435
-0.778585
-0.753397
-0.779494
-0.021746
-0.020370
-0.020509
-0.785595
-0.021746
-0.723997
-0.732788
-0.055346
-0.054484
-0.765948
-0.086306
-0.795332
-0.146300
-0.043990
3.670994
-0.051078
-0.734590
-0.748658
-0.779757
3.646583
-0.033275
-0.201905
-0.765113
-0.747439
-0.130882
-0.054504
-0.079803
-0.776137
-0.155346
-0.020509
-0.773117
-0.020509
-0.047443
-0.765773
-0.766141
-0.062501
-0.022082
3.620089
-0.020509
-0.020509
-0.729241
-0.800248
-0.060398
-0.021746
-0.022479
-0.097728
-0.058642
-0.079741
-0.135606
-0.052871
-0.020509
-0.796349
-0.022479
-0.757304
-0.780845
-0.766519
-0.028470
-0.790869
-0.719870
-0.020370
-0.086828
-0.748151
-0.021746
-0.034476
-0.022479
-0.020509
-0.022479
-0.815991
-0.022143
-0.075872
-0.020509
-0.020509
-0.075086
-0.108544
-0.107759
-0.051433
-0.052025
-0.021746
-0.803261
-0.091633
-0.771605
-0.022479
-0.264388
-0.126973
-0.059825
-0.748815
-0.065721
-0.812296
-0.756238
-0.063398
-0.053914
-0.080334
-0.720163
-0.787201
-0.021746
2.759684
-0.018424
-0.792343
-0.051830
-0.145558
-0.096190
-0.083086
-0.021746
-0.022143
3.691313
3.622774
-0.021746
-0.236987
3.689225
-0.109427
-0.049487
-0.022479
-0.020176
3.740034
-0.038434
-0.768116
-0.084073
-0.022479
-0.780509
-0.057690
-0.789334
-0.057186
-0.021746
4.759825
-0.021746
-0.020370
-0.075513
-0.780499
-0.788024
-0.729096
-0.080055
-0.329117
-0.764369
-0.816737
-0.036514
-0.672774
-0.787343
-0.108761
-0.041567
-0.080765
-0.078116
-0.731246
-0.775130
-0.059090
-0.090483
-0.020509
-0.020509
-0.020509
1.134274
3.025483
4.726685
-0.752525
-0.031129
-0.551342
-0.042922
-0.794419
-0.269576
3.687708
-0.020509
-0.751860
-0.754670
-0.791938
-0.022479
-0.752525
-0.022479
-0.020370
3.627017
3.187510
-0.113029
-0.115373
-0.789492
-0.125500
3.621324
-1.023943
-0.021746
1.177070
-0.022479
-0.089032
-0.020509
-0.064692
-0.752022
-0.021746
-0.020370
-0.022143
-0.800266
-0.061858
4.002542
4.402409
-0.020370
4.822234
-0.024090
3.691411
-0.022479
-0.074098
4.370543
-0.748883
-0.020509
-0.062098
-0.053227
-0.761408
0.713774
-0.020509
-0.021746
-0.020509
-0.802210
-0.022479
-0.073492
-0.065525
3.514064
-0.787736
-0.021746
-0.022479
-0.819155
-0.020370
-0.729431
-0.065659
-0.022143
-0.054583
-0.048722
-0.051195
-0.753592
-0.765443
-0.045247
-0.021746
-0.766315
-0.020509
4.588529
-0.020509
-0.024424
-0.020509
-0.753592
-0.763466
-0.020370
-0.022479
-0.808611
-0.055817
-0.764398
-0.765443
-0.749754
-0.755556
-0.747235
-0.054484
-0.059495
-0.065720
-0.020509
-0.020509
-0.020509
-0.765971
-0.057913
4.839893
-0.736709
-0.022143
-0.020255
-0.765300
-0.772334
-0.763466
-0.020509
-0.789451
-0.022143
-0.020509
-0.022479
-0.020509
-0.791419
-0.022479
-0.022143
-0.247185
-0.022479
-0.051830
-0.020509
-0.020509
-0.020509
-0.020509
-0.107563
-0.742050
-0.738954
-0.813017
-0.022479
-0.717699
-0.049430
-0.092586
-0.049508
-0.797912
-0.037027
4.286328
-0.789645
-0.043487
-0.050100
-0.086352
3.748721
-0.020509
-0.022479
-0.719368
-0.065087
3.648893
-0.054376
-0.774113
-0.042715
-0.022143
-0.020509
-0.044905
-0.737370
-0.022479
-0.787032
-0.043153
-0.020509
-0.757012
3.810628
-0.748320
-0.258462
-0.082889
-0.082436
-0.020176
4.781526
-0.022479
-0.735404
-0.787709
-0.065092
-0.795347
-0.055507
-0.049508
-0.022479
-0.020509
-0.755365
-0.769914
-0.733658
-0.042819
-0.747291
-0.020509
-0.022479
-0.753397
-0.020370
-0.041429
-0.022479
-0.797105
-0.104817
-0.760150
-0.764579
4.524171
-0.020370
-0.020370
3.524782
-0.020509
-0.022143
-0.032676
-0.022479
-0.020509
-0.761024
-0.762595
3.691750
-0.756440
-0.020509
-0.780427
-0.767230
-0.020370
-0.780457
-0.755225
-0.022479
-0.057784
-0.066277
-0.022479
-0.090854
-0.022143
-0.022479
-0.057622
-0.020509
-0.781584
-0.787918
0.238684
-0.067011
-0.020509
-0.042948
-0.022479
3.653285
4.874699
-0.783140
-0.020509
-0.762595
-0.058992
-0.097692
-0.021746
-0.751646
-0.050723
-0.021746
-0.755420
-0.048464
-0.787208
-0.764398
-0.020509
-0.770932
-0.020509
-0.778541
-0.021746
3.772120
3.752439
-0.778105
-0.020509
-0.022479
-0.054463
-0.044196
-0.053561
-0.021746
-0.675900
-0.020509
-0.765379
-0.062365
-0.021746
-0.726469
-0.832810
-0.048112
-0.088958
-0.021746
4.846001
-0.757312
-0.020509
-0.765443
-0.761024
-0.768283
-0.765443
-0.020509
-0.099277
3.724340
-0.073076
-0.064440
-0.021746
-0.785942
-0.752892
-0.049861
-0.057291
-0.022479
4.269910
-0.076697
-0.772996
-0.076599
-0.761522
-0.020509
-0.085387
-0.020509
-0.079074
-0.737370
-0.020509
-0.801858
-0.060796
-0.022479
-0.022479
-0.020509
-0.044528
-0.775382
-0.759979
-0.785046
-0.781372
-0.763466
-0.775423
-0.020509
-0.022479
-0.020370
-0.763321
-0.064921
-0.021746
-0.789645
-0.748311
-0.767978
-0.035139
-0.786152
-0.021746
-0.057690
-0.020509
-0.022479
-0.021746
-0.020509
-0.797657
-0.061050
-0.020509
-0.766147
-0.768116
-0.053206
-0.766171
-0.035077
0.224731
-0.111247
-0.755968
-0.768116
-0.771461
-0.763331
-0.772876
-0.051375
-0.763700
-0.769992
-0.744835
-0.034410
-0.041687
-0.764415
-0.053066
-0.021746
-0.060441
-0.063914
-0.021746
-0.020509
-0.022479
-0.052601
-0.055151
-0.793380
-0.020509
-0.020176
-0.022479
-0.772742
-0.756429
-0.051359
-0.055078
-0.752022
-0.024424
-0.045098
-0.020509
-0.020509
-0.781304
-0.030638
-0.058985
-0.730110
-0.043529
-0.049389
-0.056745
-0.025801
-0.025465
-0.022479
-0.065088
-0.046143
-0.022479
-0.020509
-0.021769
-0.047067
1.278326
-0.101414
4.530054
-0.044528
-0.753646
-0.741863
-0.754463
-0.765419
-0.021746
-0.740917
3.775834
3.616753
-0.769696
-0.041715
-0.768116
-0.024411
-0.749754
-0.014439
-0.052067
-0.765267
-0.040874
-0.038302
-0.021746
-0.020509
-0.752022
-0.020509
-0.021746
-0.020509
-0.022479
-0.100024
-0.021746
-0.757312
-0.046563
-0.082418
-0.779946
4.794569
-0.131186
-0.758010
-0.760150
-0.020509
0.055845
-0.021746
-0.539493
-0.020509
-0.056192
-0.761753
-0.022143
-0.751149
-0.062052
-0.021746
-0.022479
-0.765068
0.074850
-0.020509
-0.087273
-0.739813
-0.020509
-0.024168
3.885762
-0.020509
-0.022479
-0.048088
-0.022479
-0.021746
-0.022479
-0.054207
-0.020509
-0.751496
4.222740
3.813832
3.364800
-0.021746
-0.020509
-0.049721
-0.777991
-0.050218
-0.021746
-0.021746
-0.022143
-0.020509
-0.020509
-0.763385
-0.038325
-0.046754
-0.021746
-0.055485
-0.784162
-0.022479
-0.786096
-0.045688
-0.022479
3.959713
-0.020509
-0.020509
-0.020509
-0.740047
-0.753451
-0.814376
-0.021746
-0.758680
-0.049160
-0.814161
-0.795131
-0.022143
-0.792476
-0.051808
-0.779714
3.667267
-0.756334
-0.020509
4.370097
-0.020509
1.309593
-0.035670
-0.020509
-0.763498
-0.020176
-0.049150
-0.020509
-0.021746
-0.021746
-0.020509
-0.740363
-0.752892
2.801729
-0.040890
-0.046187
-0.066299
-0.826054
-0.077053
-0.780109
-0.080280
-0.020370
-0.020509
4.464479
-0.068978
-0.762957
-0.067255
-0.757681
-0.020370
-0.022479
-0.022479
-0.021746
-0.020509
-0.020509
-0.021746
-0.020509
-0.020509
-0.022479
-0.020509
-0.022143
-0.022143
-0.797234
-0.743590
-0.020176
-0.753397
-0.020509
-0.020509
-0.022479
-0.021746
-0.058668
-0.020791
4.953438
-0.045789
-0.778366
-0.022479
-0.756440
-0.773648
-0.058161
-0.020509
-0.021746
-0.020509
-0.769852
-0.020176
-0.022143
-0.056550
-0.047379
-0.052067
-0.020509
-0.020509
-0.022143
-0.020509
-0.020509
3.487715
-0.020509
-0.787700
-0.759055
-0.021746
-0.021746
-0.051946
-0.051455
-0.752022
-0.744606
-0.020370
-0.020370
-0.022143
-0.744397
-0.022143
-0.756238
-0.060172
-0.748108
-0.758184
-0.022479
-0.764336
-0.020509
-0.021746
-0.786537
-0.020176
-0.019462
-0.020509
-0.053400
-0.022143
-0.020370
-0.021746
-0.020509
-0.020509
-0.020509
-0.766304
-0.776970
-0.021746
-0.022479
-0.767020
-0.021746
-0.775128
-0.024424
-0.020509
-0.020370
-0.752892
-0.777104
-0.020509
-0.021746
-0.021746
-0.046143
-0.737196
-0.767741
-0.048442
-0.053753
-0.022479
-0.767680
-0.047915
-0.752892
-0.020509
-0.053206
-0.022479
-0.020509
-0.020509
-0.021746
-0.032205
-0.020509
-0.319916
-0.022479
-0.085923
-0.020509
-0.055485
-0.020509
-0.068216
-0.021746
-0.046165
-0.051260
-0.738242
-0.735404
-0.732952
-0.044991
-0.020370
-0.787879
-0.020509
-0.021746
-0.047462
-0.022479
-0.761528
-0.060391
-0.045475
-0.051734
-0.052044
-0.021746
-0.767916
-0.066665
-0.789233
-0.021746
-0.752030
-0.020509
-0.768283
-0.774480
-0.022479
-0.021746
-0.021746
-0.046336
-0.022143
-0.020370
-0.753397
-0.046496
-0.757304
-0.747235
-0.048270
4.222915
-0.019800
-0.022479
-0.022479
-0.020509
-0.022479
4.135107
-0.020370
-0.021746
-0.061410
-0.020370
-0.020509
-0.794697
-0.779145
-0.772130
-0.782005
-0.784298
-0.095338
-0.060129
-0.049884
-0.021746
-0.020509
-0.020509
-0.752892
-0.022479
-0.069592
-0.022479
-0.020509
-0.020509
-0.761528
-0.044175
4.764823
-0.062668
-0.020509
-0.020509
-0.020509
-0.730819
-0.786640
-0.020509
-0.022479
-0.021746
-0.022143
-0.020509
-0.020509
-0.772147
-0.775489
-0.020509
-0.100337
-0.765961
-0.042881
-0.748108
-0.017655
-0.022479
-0.020509
-0.022479
-0.024090
-0.020509
-0.021746
-0.020509
-0.021746
-0.022479
-0.025801
-0.783132
-0.801664
4.778619
4.359247
-0.021746
-0.022143
-0.020509
3.718656
-0.780983
-0.020509
-0.024424
-0.020509
-0.021746
-0.022479
-0.045591
-0.055312
-0.051455
-0.051594
-0.778028
-0.748806
-0.020509
-0.778187
-0.055174
-0.020370
-0.753397
-0.795837
-0.782961
-0.020509
-0.022479
-0.064879
-0.021746
-0.771845
-0.022479
-0.027101
-0.020509
-0.085429
-0.021746
-0.020509
-0.020509
-0.020509
-0.022479
-0.777610
-0.761024
-0.021746
-0.767185
-0.766924
-0.762601
-0.762601
-0.022143
-0.020509
-0.020176
-0.026198
-0.022479
-0.020509
-0.794741
-0.753397
-0.758755
-0.021746
-0.060570
-0.020509
-0.022479
-0.020176
-0.021746
-0.022479
-0.049487
-0.020370
-0.022479
4.830121
3.685873
4.349834
-0.020509
-0.020509
-0.764736
-0.761896
-0.761896
-0.762595
-0.049487
-0.746365
3.698022
-0.020509
-0.021746
-0.020176
-0.022479
-0.021746
-0.020509
-0.020509
-0.020509
-0.752594
-0.020370
-0.021746
-0.020509
-0.021746
-0.776932
-0.021746
-0.022479
-0.020509
-0.020370
-0.022479
-0.022479
-0.020509
-0.020370
-0.054965
-0.022143
-0.776953
-0.752892
-0.749687
-0.043861
-0.022143
-0.021746
-0.021746
-0.021746
-0.020509
-0.020509
-0.792289
-0.051903
-0.048249
-0.022479
-0.042800
-0.043176
-0.021746
-0.021746
-0.794258
-0.765267
-0.045692
-0.022479
-0.021746
-0.086655
-0.022143
-0.750782
-0.053334
-0.046496
-0.046496
-0.050217
-0.020509
-0.779095
-0.053400
-0.029183
-0.782613
-0.022479
-0.022479
-0.021746
-0.020509
3.873538
-0.067034
-0.038571
-0.021746
-0.060701
-0.020509
-0.057763
-0.020509
-0.757806
-0.048133
-0.022479
-0.021746
-0.770932
-0.771830
-0.020509
-0.777855
-0.022479
-0.075664
-0.787117
-0.746365
-0.020509
-0.021746
-0.058218
-0.033171
-0.767041
-0.022143
-0.766110
-0.022479
-0.064814
-0.022479
-0.762595
-0.030577
-0.021746
-0.022479
-0.782640
-0.022143
-0.103028
-0.022479
-0.020509
-0.755365
-0.022479
-0.022143
-0.020509
-0.781155
-0.020370
-0.020509
-0.021746
-0.752720
-0.021746
-0.772528
-0.022479
-0.020509
-0.022479
-0.053422
-0.020509
-0.049884
-0.021746
-0.088728
-0.779140
-0.021746
-0.022479
-0.022143
-0.057046
-0.020509
4.921620
-0.021746
-0.040833
-0.022479
-0.020509
-0.022143
-0.092917
-0.022143
-0.021746
-0.040226
-0.020370
-0.020370
-0.042778
-0.051830
-0.767750
-0.773818
-0.789667
-0.794762
-0.022479
-0.044054
-0.021746
-0.022479
-0.786588
-0.764736
-0.803967
-0.022143
-0.022479
-0.020176
-0.020509
-0.020509
-0.022479
-0.774279
-0.052067
-0.020370
-0.020509
-0.020509
0.966887
3.438332
-0.057455
-0.064020
-0.020509
-0.020509
-0.021746
-0.021746
-0.021746
-0.020509
-0.020509
-0.761565
-0.744397
-0.752022
-0.053776
-0.022143
-0.020509
-0.041422
-0.020509
-0.022143
-0.020509
-0.753592
-0.020509
-0.020509
3.735327
-0.779937
-0.020370
-0.022479
-0.020509
-0.042467
-0.765435
-0.022143
-0.778668
-0.765443
-0.021746
-0.020370
-0.020509
-0.021746
3.679627
-0.021746
-0.769862
-0.020509
-0.020509
-0.020509
-0.020509
-0.020509
-0.020509
-0.779598
-0.042732
-0.065084
-0.782051
-0.020509
-0.022479
-0.092828
-0.067448
-0.021746
-0.051807
-0.022143
-0.767253
-0.022479
-0.022143
-0.749181
-0.020370
-0.021746
1.046495
3.707278
-0.022479
-0.021746
4.214605
-0.022479
4.323051
4.312743
-0.046359
-0.090308
4.030635
-0.076718
-0.094343
-0.095763
-0.109505
-0.094301
-0.145961
-0.090519
-0.020509
-0.024090
-0.021746
4.365497
-0.791576
-0.040581
-0.757304
-0.020176
-0.020176
-0.020370
-0.059659
-0.021746
-0.020509
-0.020509
4.854033
-0.801122
-0.020509
-0.020509
-0.020509
-0.042251
-0.033581
-0.126334
-0.020509
-0.022479
-0.022479
-0.020370
-0.020370
-0.020509
-0.020509
-0.053087
4.781546
-0.021746
-0.020509
-0.772535
-0.022479
-0.020509
-0.790166
-0.771812
-0.058066
-0.057121
-0.022479
-0.761896
-0.055850
-0.021746
-0.021746
-0.022479
-0.092567
-0.020509
-0.752525
-0.020509
-0.067096
-0.042842
-0.760150
-0.020509
-0.021746
-0.020509
-0.020509
-0.022479
-0.769190
-0.022479
-0.048112
-0.764736
-0.020509
-0.020370
-0.045789
-0.762825
-0.051455
-0.752892
-0.020509
-0.020509
-0.020509
-0.021746
-0.020509
-0.021746
-0.059537
-0.761896
-0.761776
-0.020509
-0.763466
-0.020509
4.543054
-0.021746
-0.022479
-0.022479
-0.021746
-0.049508
-0.020509
-0.020509
-0.754269
-0.747235
3.973178
-0.089323
-0.020509
-0.020509
-0.775661
-0.749181
3.605227
-0.043153
-0.048133
-0.053753
-0.058378
-0.750782
-0.020509
-0.774338
-0.744773
-0.022479
-0.022479
-0.018424
-0.022143
-0.020509
-0.022479
-0.758680
-0.020370
-0.020509
-0.020370
-0.020509
-0.020509
-0.759055
-0.021746
-0.020509
-0.021746
-0.021746
-0.022479
-0.021746
-0.749181
-0.075840
-0.022479
-0.020509
-0.053400
-0.796204
-0.764563
-0.042924
-0.027506
-0.020509
-0.021746
-0.020509
-0.020509
-0.757304
-0.020509
-0.035747
-0.734897
-0.047444
-0.020509
-0.022479
-0.020509
-0.021746
-0.062314
-0.769852
-0.752525
-0.020509
-0.048776
-0.044220
-0.020509
-0.017297
-0.087336
-0.050079
-0.050057
-0.775468
-0.022479
3.673305
-0.022479
3.717956
-0.022479
-0.020509
-0.020370
-0.020509
-0.021746
-0.022479
-0.051455
-0.020509
3.449911
-0.819413
-0.022143
-0.747235
-0.020370
-0.748806
-0.783482
-0.020509
-0.756429
-0.022479
-0.021746
-0.775142
1.179365
-0.044453
-0.789654
-0.022143
-0.021746
-0.041207
-0.020509
-0.778194
-0.021746
-0.020509
-0.761896
-0.046874
-0.020509
-0.762595
-0.020509
-0.020509
-0.022479
-0.021746
-0.020509
-0.044743
-0.753397
-0.044409
-0.757108
-0.052583
-0.051455
-0.020370
-0.020509
-0.757312
-0.020370
-0.020176
-0.020509
-0.020509
-0.776357
-0.021746
-0.778185
-0.042550
-0.812045
-0.022479
-0.020509
-0.022479
-0.788075
-0.021746
-0.020509
-0.761896
-0.020509
-0.763466
-0.792109
-0.022479
-0.021746
-0.041670
-0.020509
-0.756238
-0.053184
-0.022479
-0.020509
-0.057452
-0.103146
-0.048398
3.481407
-0.020509
-0.021746
-0.022143
-0.034305
-0.053206
-0.020509
-0.021746
-0.021746
-0.021746
-0.766315
-0.043262
-0.627361
-0.021746
-0.020509
-0.020509
-0.018424
-0.022479
-0.022479
-0.022479
-0.020509
-0.020509
-0.020370
-0.020509
-0.020509
-0.021746
-0.022479
-0.020509
-0.022479
-0.747235
-0.050123
-0.761723
-0.761723
-0.022479
-0.020176
-0.022479
-0.020509
-0.022479
-0.756238
-0.786842
-0.787722
3.801647
-0.044054
-0.020509
-0.022143
-0.756238
-0.762595
-0.046165
3.665598
-0.037176
-0.021746
-0.748806
-0.022479
-0.775307
-0.789849
-0.021746
-0.022479
-0.020509
-0.051807
-0.021746
-0.021746
-0.048225
-0.752022
-0.752022
-0.047734
-0.051785
-0.770733
-0.021746
-0.020370
-0.020509
-0.768997
-0.020509
-0.022479
-0.020370
-0.020509
-0.020509
-0.022143
-0.047734
-0.795354
-0.763466
0.061173
4.775006
-0.022143
-0.020509
-0.022479
-0.056745
-0.022479
-0.021746
-0.046474
-0.020509
-0.020509
-0.022479
-0.021746
-0.763466
-0.780138
-0.779569
-0.020370
-0.022479
-0.761896
-0.787550
-0.046381
-0.022143
-0.756429
-0.022479
-0.754269
-0.753397
-0.021746
-0.018424
-0.096005
-0.022479
-0.795830
5.415154
-0.020370
-0.764736
-0.049236
-0.021746
-0.020509
-0.753592
-0.065087
-0.796292
-0.021746
-0.021746
-0.791645
-0.020509
-0.768116
-0.021746
-0.042312
-0.022479
-0.766315
-0.085967
-0.081538
-0.076358
-0.020509
-0.020509
-0.021746
-0.020509
-0.478924
-0.775376
-0.777824
-0.046937
-0.048646
-0.020509
-0.022479
-0.064053
-0.020509
-0.022143
-0.058260
-0.774651
-0.046496
-0.020509
-0.757862
-0.022479
-0.021746
-0.020370
4.860654
-0.067311
-0.020509
-0.739985
-0.730809
-0.022479
-0.021746
4.325709
-0.753592
-0.773416
-0.020509
-0.020509
-0.765435
-0.763699
-0.023895
-0.020509
-0.779556
-0.760649
3.462873
-0.776180
-0.777097
-0.790524
-0.022479
-0.019405
-0.020509
-0.021746
-0.020370
-0.021746
-0.021746
6.277114
-0.022143
-0.020509
-0.022479
-0.020509
-0.757806
4.318205
3.930211
3.597194
