8
2 10 100 500 1000 2000 3000 4000
15.417353
12.115388
14.691051
12.281398
-2.925349
-0.786537
-2.642635
-1.495117
-3.562496
-2.215011
-6.381789
-1.101865
-7.092629
1.193291
-2.360397
-1.370304
-2.071434
-2.653675
-2.443248
0.230870
-3.060654
-1.833891
1.561720
0.033801
1.445038
-1.169080
0.685897
6.774642
2.057659
-2.529635
-1.922948
4.481277
0.713863
1.567103
-2.796524
1.243013
0.509458
-2.273329
9.501587
0.998312
-2.648844
0.911148
1.200164
3.518307
0.082617
-0.544564
-0.155960
-0.093573
4.373246
4.491354
-1.140744
-0.717817
-0.073112
1.027696
0.610103
-2.461910
2.426379
0.330601
-1.605342
0.853392
2.098243
2.935275
2.361825
1.967821
1.024725
-1.472669
0.150641
0.389341
6.148171
-1.371314
3.048916
2.770891
0.775891
-1.748939
-1.198755
2.134780
0.608940
-1.824537
0.856055
4.355646
0.893147
0.715212
2.925632
2.879556
0.660491
-1.707181
2.014822
0.529580
6.429231
-2.703354
2.280608
5.846543
1.244002
0.230954
5.617833
0.397737
1.078377
5.291050
-0.905715
-0.063914
1.436188
-3.108138
1.414761
0.054270
-0.178708
0.642255
8.196298
2.406096
-1.361158
5.777952
2.495228
1.636735
-4.084339
0.087759
-0.142658
2.572743
2.951429
4.331364
-2.249090
4.483962
2.005668
7.669936
-0.336225
4.849693
0.379378
-1.398029
4.424379
-3.309988
3.556286
4.085844
-0.238930
-2.288432
3.345114
-1.326085
-0.242993
-0.984338
-1.523970
1.307000
6.228520
0.857849
1.368024
1.569787
-0.542867
2.755394
3.780990
-1.631626
0.689944
0.259138
3.522409
1.226436
2.068151
0.635514
4.790519
8.384512
3.019672
0.430120
0.829834
1.108026
-1.343996
-0.783183
1.588462
-3.337889
1.277910
-3.668581
-0.087794
4.026833
-0.154870
-1.419130
-1.517388
6.048489
1.435433
-1.457782
1.228750
-1.242400
1.028149
-0.401882
3.399503
1.520743
6.294984
-0.227007
-2.600225
-0.192686
2.300828
3.439269
3.641554
-4.871637
-0.159981
2.290907
0.131289
-2.584239
3.430914
6.317353
5.624685
1.831100
0.453735
-1.543101
2.558080
-0.234456
-1.836370
-1.679132
5.744769
-1.952906
0.972568
0.148254
0.642489
1.413101
-0.043391
3.659071
-0.393235
3.547481
5.618187
8.802884
0.945356
-0.466268
0.629021
2.108767
4.672154
1.450133
3.188424
0.393358
4.631621
1.482380
-2.017125
4.441019
2.004986
2.903410
3.742236
3.690015
5.870765
3.904806
4.250411
2.720325
0.457854
-0.525111
0.599401
-0.641645
-0.191717
3.429789
3.982457
1.884993
0.321001
0.671190
1.994166
4.642122
-2.532722
0.063069
-0.596462
3.944048
1.431684
-0.721087
4.214950
1.731404
6.017067
4.263920
-1.650132
0.462884
5.814945
-1.234977
1.339539
2.543796
0.531555
4.014979
3.239330
1.581290
2.560249
5.305359
-0.439479
0.982603
0.304345
6.657900
-1.828126
3.540800
1.727527
2.099802
0.636784
3.053770
0.592564
2.278854
5.186161
7.569733
1.021850
2.060499
5.640871
2.530303
0.680197
-1.350238
-0.564638
0.223159
0.839767
3.689202
5.788834
2.028192
0.483993
2.554999
-0.928627
3.012472
3.287972
3.569269
0.372779
4.080193
2.163746
-2.637717
4.088502
2.166596
1.295576
4.891882
0.255322
1.042844
1.971974
1.337722
4.623233
2.906931
4.487458
2.994271
4.529353
6.475569
0.600384
9.626686
5.226033
7.013435
-3.162966
1.756965
3.297002
2.129351
-1.225155
1.653562
5.769921
2.497787
3.514699
5.369397
-0.002513
5.853920
6.584669
2.772128
-0.534956
3.902925
1.532005
2.805122
3.377505
2.264529
-0.840352
0.846000
2.035053
2.436872
0.559651
2.337865
-2.509496
1.358754
5.427032
2.546697
0.985765
5.330630
-1.948356
2.674087
3.811591
5.547746
2.729422
2.699077
2.054593
7.087857
3.301124
3.010485
7.430661
3.911029
-2.218246
1.829631
1.697037
2.106690
1.169279
0.601399
-0.720923
3.331053
3.701250
5.747110
-2.125209
4.609453
2.657847
3.487152
6.485862
3.226494
-1.282381
5.049970
1.024384
3.279534
1.708165
1.198637
0.922908
4.478428
2.832530
1.523159
2.869280
2.099718
3.956232
1.439932
-1.630416
4.336161
0.762383
1.021062
5.479232
4.642651
-0.218369
2.866318
1.184937
-5.710566
2.562463
6.669971
4.713638
-1.696511
-1.466877
-0.135682
1.908194
3.214266
6.952124
-0.042022
9.653193
3.115684
5.921165
6.579297
4.656418
4.310675
5.541521
2.198729
5.232465
2.778503
5.005471
5.230982
6.378136
5.898195
0.750162
0.724456
6.478925
5.546144
3.608662
6.044541
1.867253
8.456841
2.827073
0.618554
0.818299
1.472680
4.546164
4.624223
8.719838
1.974464
3.706609
1.334968
1.438824
2.449734
1.807488
6.441654
2.614370
4.616975
4.067585
2.090013
3.359321
3.819408
-0.683040
5.208603
2.833092
4.430636
3.221292
4.623353
-0.044099
2.471577
-4.460305
3.027726
1.885631
2.436276
0.956474
2.141850
3.160506
2.632910
-5.170147
-1.190367
-1.833349
1.857091
-0.009585
4.877393
-0.259310
3.426366
1.739091
-1.318993
5.566346
0.478418
-1.109232
6.385454
-2.192066
5.438914
2.332232
2.458749
0.967328
9.630547
2.716741
4.770921
1.688266
1.876661
5.883966
6.065311
0.519110
2.102429
3.706756
1.964417
3.572072
4.171217
3.675176
1.082993
0.200862
-0.027423
4.584886
2.418463
0.478744
8.973053
-0.310070
5.934919
-1.151575
0.346072
10.417883
1.884898
-2.126664
3.512467
2.035596
2.315674
5.355545
5.402627
1.113678
-4.047953
4.763692
-0.101267
2.944205
2.330634
1.499126
3.553795
5.173041
1.548934
4.523679
1.170492
5.585454
3.604986
5.438510
3.376024
4.449072
1.249048
3.055508
2.030567
3.845088
7.057767
2.973624
4.699671
2.189107
-1.618784
5.502152
4.162789
1.785024
5.066936
4.257108
0.472154
6.410477
0.745063
3.794763
2.383034
1.714663
6.770912
6.597496
2.491228
3.790573
6.462915
2.283025
0.049751
1.513893
4.864688
3.167892
1.711730
-0.852703
2.179830
3.111967
1.794450
5.162195
1.172164
1.495146
5.383096
4.713031
4.284369
2.117757
1.662031
0.552772
-0.195768
7.661010
3.452620
5.681004
2.330657
7.567286
3.702592
2.188673
-1.230676
-1.224603
-0.848271
2.822909
3.565101
1.606842
5.164960
2.183424
1.462677
1.750335
4.168631
2.031112
4.275715
6.664829
4.846277
4.919256
4.895278
4.947354
8.680147
-0.005101
4.220927
8.091576
2.788727
6.798378
3.592621
2.560979
7.650798
5.813369
3.898174
4.770053
6.596234
4.449343
3.490066
-1.643800
6.430020
4.014797
4.767966
0.097637
0.916611
3.180014
1.665754
2.444056
4.336747
4.930944
4.776429
-0.160279
6.028394
7.858285
2.366350
1.631449
3.767488
0.715850
-0.178274
3.962561
0.264546
6.920828
6.291038
3.594415
4.866163
5.396914
2.325255
8.320978
9.041407
-0.046987
5.211306
2.852643
5.062395
2.240820
1.774271
5.670261
3.563845
7.329595
2.362497
8.815594
4.285096
3.622484
1.517742
-0.278474
1.180480
1.181791
0.841615
6.776343
5.650159
3.994925
1.863387
1.084852
2.125050
5.597427
2.323143
7.095160
3.095603
3.224552
5.945308
2.945282
7.982719
2.545679
0.109930
3.690300
2.531461
1.540656
1.429457
0.124599
7.965333
-0.357551
1.374533
0.881217
1.437445
6.342800
4.827001
5.073154
3.132612
6.641092
5.939106
5.115742
7.010563
6.543953
2.390800
3.818201
1.925638
2.084610
4.381915
5.483913
4.549133
1.976056
2.368159
1.762189
7.552386
2.163987
7.780562
4.911405
1.761899
6.751291
5.712372
1.880943
5.696747
5.395823
1.225817
5.588516
5.074040
3.739036
-0.371743
1.757034
6.561127
3.474571
4.477203
1.652815
5.983345
7.459184
5.598495
4.425180
4.666243
-0.953150
3.975587
6.998379
0.193643
2.029576
3.388614
6.442691
3.924903
7.869137
5.164026
8.221976
3.354404
3.430683
7.153389
8.313555
3.494169
2.965687
6.061941
3.298715
5.418440
4.409676
1.811220
0.890463
9.328192
2.538634
2.940853
5.286828
6.504848
0.348185
-1.598739
1.354293
5.210272
0.966531
2.720911
-0.336987
5.554216
7.010557
5.712090
3.474500
3.450765
8.698822
1.109443
0.161800
1.720295
2.617456
6.057201
-0.105285
4.485950
-1.639637
0.157082
2.093614
4.608101
4.570040
5.156514
2.820444
5.036109
2.610614
4.109756
2.712489
5.347742
5.430297
4.809596
-2.857323
1.733988
1.709800
9.038754
3.825303
5.989953
4.933133
4.961704
0.850681
5.554691
5.406591
7.125737
5.173058
5.793254
-0.188688
2.935871
5.135471
2.188432
5.808026
4.993727
8.736691
5.149879
3.477063
3.860011
2.335884
4.573439
5.069384
4.530605
-0.611292
-0.138349
5.989243
4.193481
5.315574
8.226719
2.715788
4.760059
1.877040
0.346688
3.585963
-1.548254
2.978049
4.095168
6.313110
1.113286
4.267541
5.870914
8.012390
5.798370
4.910318
5.855402
-2.902368
4.782598
6.354351
6.354432
3.510819
9.035381
4.515230
0.094738
7.203284
3.867467
4.734158
7.657356
7.293024
8.661327
0.640496
0.409766
3.134764
1.254813
5.727394
4.139149
4.362034
2.878298
3.313771
1.697966
0.874880
3.051290
7.835238
2.508848
3.962691
5.977695
1.867561
2.663859
0.086991
0.409878
7.876361
3.136315
6.451217
4.189219
5.170623
2.906142
6.948296
2.771401
3.259449
5.161200
8.098231
4.198004
3.579664
7.241784
3.289888
4.386436
1.375189
8.653630
5.245560
4.975793
2.681433
-0.175447
2.980167
2.462494
5.511647
6.725537
1.467517
5.500464
3.427877
4.858854
8.379298
0.316406
3.856978
2.473598
6.285588
4.510448
8.593208
8.800751
3.795643
4.123473
1.622180
2.720878
7.647342
4.848881
1.057632
3.695060
2.189274
-0.048175
3.911599
3.613630
4.962878
-0.348974
3.340482
4.226402
2.405557
4.636056
4.269454
3.502102
5.259016
3.828499
7.547883
4.621431
6.028011
2.487785
4.157409
1.916695
6.655599
4.896261
5.857608
4.585975
2.542598
5.134530
1.100451
3.506571
7.943886
1.325000
2.006542
9.000246
3.629738
2.088919
3.540183
5.169436
5.904934
2.475202
3.037689
7.835851
2.027611
1.258434
4.226413
7.937383
2.415054
4.238603
3.712231
3.054048
0.129405
0.383614
3.401936
5.419301
6.789690
3.392806
4.073082
5.176953
1.936757
5.230349
3.136868
7.636184
8.418243
5.231228
1.923962
1.268496
3.527277
6.694608
3.181332
4.321080
3.230284
4.798552
3.466333
2.318899
5.688841
-0.400620
5.948961
8.317052
3.323461
4.997553
4.564562
4.476818
3.988503
5.344685
5.447671
3.766105
6.544391
1.403099
5.597826
3.419516
4.828322
9.348245
5.130672
8.853166
6.072500
5.444983
4.407421
3.361842
5.349038
3.554451
3.871632
3.384418
0.814760
4.145999
3.810421
3.220520
4.281545
2.768420
3.039030
7.682962
4.599005
5.532382
7.219745
4.566362
2.422612
3.514383
1.304713
7.526636
6.533290
3.729107
5.009196
4.876125
8.851498
5.490623
5.141627
3.148125
2.825858
4.766241
5.058897
4.215239
7.422589
5.093803
2.820888
5.138428
6.070254
1.087317
5.011274
3.020325
-0.035993
4.732438
1.170215
5.119672
5.341311
3.215858
3.210709
6.176256
7.355741
7.751833
2.353240
2.992569
3.360779
4.306694
11.809643
0.481848
10.115413
3.610597
4.294102
10.364035
2.437570
6.919925
-1.380689
1.243515
5.221856
5.090362
3.069528
5.858897
4.186040
8.389675
4.990672
3.910532
7.917680
4.856915
3.362642
6.314028
4.943869
0.640051
7.763453
8.463438
6.425839
2.939850
2.705565
3.934886
4.081312
6.964449
2.027585
5.405936
3.925062
3.622522
6.727784
6.370825
5.551601
3.907305
3.148367
6.675619
3.081225
4.987110
6.960441
7.030016
2.652102
4.537815
2.306823
3.156227
5.844758
3.517303
6.111667
5.824746
6.524109
1.784097
3.836596
6.513834
5.290434
7.498115
1.436356
4.235248
3.128510
3.309082
2.317797
4.704126
5.382594
3.517422
2.066843
2.582104
2.042123
4.772573
5.214175
2.343788
0.844382
4.717080
1.859138
0.043005
6.101388
2.979482
5.612743
6.312893
4.372436
6.425259
2.641202
4.460289
10.430921
3.820273
4.828236
3.311278
5.613763
1.739522
2.407360
3.172895
4.191301
4.042285
4.356106
0.338624
3.355087
2.251735
6.958906
3.594524
3.909627
4.059115
4.308969
2.994286
5.334787
5.548930
6.452109
5.096646
4.173598
2.667671
4.967379
12.292145
6.617812
7.857872
6.849452
4.098788
3.045542
1.534388
6.995010
6.441276
5.561143
9.669334
2.366790
5.004921
4.482143
3.461259
9.615883
0.244699
4.790773
7.016152
4.224265
3.579509
1.585748
4.273864
3.337834
6.242657
7.498229
5.535944
6.201022
2.258034
3.398590
1.658795
5.179344
4.843093
3.939854
8.117963
5.085909
4.420920
-0.907293
6.723061
4.923699
6.413638
2.382729
7.799638
2.913229
6.602296
4.936901
4.369639
0.837777
-0.129042
2.307912
3.254921
7.824318
5.421777
3.605172
-2.140472
7.428838
4.664689
-0.100408
9.607033
3.034256
4.108443
1.823498
6.951648
5.001267
2.317299
8.021074
1.499721
4.723501
7.949527
5.076808
3.423849
1.553440
6.134258
4.041013
3.785012
3.648922
6.235416
2.050605
2.225437
1.974272
4.082308
-1.205279
4.718325
5.042194
7.516604
5.725597
4.462425
9.697632
10.632037
3.169927
2.010290
4.048100
5.421895
4.346560
2.327940
3.085191
3.752632
1.343263
7.370893
3.357423
7.857420
8.323194
6.220908
0.710670
6.263711
2.007820
4.996182
1.057823
4.648567
8.589416
5.505551
4.241637
6.042890
4.608268
6.034902
2.447978
3.072731
6.080435
3.617383
2.358683
2.446276
6.285244
8.474792
7.715368
9.204173
3.541998
7.866677
5.803179
2.471377
5.229818
7.409589
3.224182
7.045288
4.893693
7.689435
5.868150
4.672910
4.506577
5.454553
8.168510
4.373857
5.035217
4.206436
5.320355
5.619696
6.689625
4.286028
4.819139
6.268113
3.881689
5.018110
6.180903
0.741960
3.684151
6.265338
5.372049
3.099848
4.227669
4.568283
5.939273
3.462331
1.004512
7.092320
6.044973
5.320144
5.713837
5.802727
5.045364
3.701818
5.052997
3.778541
3.064785
2.004286
2.443465
3.382914
4.375175
2.042190
5.056684
4.384459
4.355840
4.894381
6.183491
4.071741
8.954782
2.256081
6.136196
1.054821
5.495612
9.399111
4.300222
3.660244
6.679691
4.288863
-1.438893
4.026293
7.498972
4.328463
2.134830
2.996689
6.718898
6.357811
5.039248
7.748680
7.464965
6.333284
8.019482
2.550318
6.173088
9.758685
5.359867
6.248143
1.292664
6.779247
-1.105940
2.771971
3.570460
6.163512
5.220261
7.055350
4.483109
4.086177
4.852574
3.786226
6.908439
4.800391
3.067815
5.650928
11.366934
5.877875
3.768821
4.768251
7.281987
6.410414
-1.167225
0.658995
5.083733
4.342631
2.431081
3.774028
4.263843
6.145851
8.503444
6.619991
6.895899
3.183707
4.942774
4.090554
3.755680
3.636983
-0.565444
4.859823
11.565823
1.648767
4.222620
4.607192
0.626036
8.371373
4.794637
5.298444
0.658758
6.587465
4.554490
4.761627
3.611669
4.922348
3.960249
0.617093
5.113249
2.468527
5.132878
3.583245
5.310416
2.797368
4.305025
4.173491
3.695274
-0.744568
3.258434
6.757902
2.743760
3.880167
9.185464
8.364141
3.795999
4.612864
7.321662
3.576726
1.929415
5.841619
1.369467
4.706494
4.935847
8.459186
6.388294
3.613125
4.476801
6.731822
2.623818
4.336579
4.140163
6.891097
3.600041
6.388655
2.384323
7.786427
1.126858
4.183138
6.196985
4.627870
6.433174
7.328020
5.005663
6.895524
8.002964
5.398752
3.972028
3.308395
3.306334
3.773112
6.142268
7.890227
4.826055
4.998153
3.023137
-0.951193
5.607245
4.295440
6.407213
3.469763
5.344026
4.212808
7.843493
6.193136
4.761001
2.011593
6.162955
0.223459
6.508738
2.733682
10.059978
9.143263
6.089002
3.804546
5.146851
5.628878
7.572410
5.459229
5.099696
10.249762
5.640772
2.758816
4.549751
5.666937
2.237743
3.344402
2.667786
4.042629
7.480050
4.342782
4.814207
3.947880
4.930960
0.631761
3.724572
5.091501
3.063290
0.940696
8.472882
6.447250
4.004761
4.062613
4.867496
8.086364
3.048886
1.758467
5.463861
7.169496
3.924884
0.633996
2.759351
5.822968
5.167740
12.691320
4.535132
1.682164
3.457373
6.306067
6.641769
6.553269
5.124419
4.393192
5.186954
1.526093
5.265762
8.617242
3.200678
8.496910
2.042215
5.089873
4.173177
5.616338
5.575147
5.596120
7.670443
6.917950
3.964898
0.879709
9.841833
6.600572
6.692594
3.416460
1.941681
5.760630
6.244621
5.831047
3.327717
4.220849
5.245382
3.553324
7.534407
0.884163
5.645858
7.256524
3.169560
6.883049
8.479200
4.395519
6.145773
5.003037
6.170234
6.617244
2.927050
7.186040
4.139524
5.007794
6.098442
4.304390
6.465823
2.259756
5.436540
5.453502
4.244896
6.355120
5.594072
6.066402
5.576652
1.084644
8.290807
3.914813
5.084933
5.214200
10.830490
9.685256
5.039172
5.031476
4.871572
11.362268
1.054722
8.410060
6.399999
6.336229
3.200191
6.720146
5.840909
2.568568
10.097593
5.861365
4.965787
5.466948
0.888496
2.608555
6.221543
4.168468
7.603538
4.937764
7.986262
7.303296
5.724489
1.734040
8.342323
5.920778
4.076591
4.701559
4.340722
2.473739
4.868503
6.017553
7.343971
3.877244
3.840302
8.159203
8.409478
5.682707
7.728971
5.569076
3.349070
6.918024
6.322965
4.193733
4.105861
6.737618
8.267432
3.269126
6.664320
3.289561
7.856303
5.605075
6.994930
6.855577
6.407037
4.421508
8.427841
5.459490
0.367328
7.022798
7.511399
5.827638
7.225288
13.395668
5.233907
5.773857
7.455053
4.467745
4.690949
5.358365
2.991538
7.434512
10.897071
4.685583
7.781508
8.280955
7.436153
1.982832
-1.368287
3.645193
5.275406
6.560905
6.753432
7.042451
5.494010
6.503676
6.580514
5.278897
6.514883
2.836504
5.330050
2.433635
3.614692
4.136811
3.689898
3.506233
9.224602
4.422537
2.386412
8.685104
5.132477
4.881257
10.340677
4.894790
5.825816
8.074064
2.917631
3.615383
5.017772
5.395545
4.862427
2.684709
6.701655
6.586538
4.516711
3.144003
6.735617
5.092008
5.694772
6.825219
3.814294
5.027894
5.788143
7.615453
1.139488
6.287636
4.390660
1.985194
5.279593
6.040739
5.330001
3.378515
4.278120
2.428812
7.808441
8.924693
7.056188
7.382750
5.101321
3.234360
3.764618
6.646786
7.741622
6.739046
4.545838
5.036426
3.863091
5.377120
6.197076
6.690194
1.078108
6.112680
6.117882
5.578744
6.432033
8.509603
5.575659
5.381266
6.966504
4.297762
1.177055
5.732950
7.698117
4.302322
5.934477
7.029545
3.875856
1.690544
7.474006
6.598877
3.324568
6.430723
6.592957
5.701534
7.076935
5.609418
5.890018
3.619724
7.317047
8.358860
5.535753
7.381774
5.915818
6.626528
5.687294
6.034846
4.705360
6.603905
8.232153
6.330935
5.423972
5.167143
5.019168
1.085938
4.243813
7.430639
4.884748
5.048297
7.268474
6.350307
4.715067
6.617866
4.810230
2.694957
7.528469
4.959686
4.640051
4.696816
4.378697
5.963437
5.076384
5.504352
7.494588
5.613106
4.381166
9.351652
4.205689
4.314735
4.994556
4.515723
6.986252
4.437999
6.819257
4.016305
7.215556
6.570518
5.334118
8.002887
6.375585
5.722106
5.314109
6.055484
3.551053
3.166962
5.145211
4.829353
5.776147
9.662140
5.837534
4.179868
3.058795
5.622905
5.182662
2.975042
9.182754
6.094973
9.590745
3.650956
4.011968
6.548392
6.986242
3.176599
3.028556
10.567243
4.084911
11.036825
4.937279
5.746122
3.521510
4.213895
5.123305
4.133837
3.994952
5.748403
7.908259
8.193779
5.398595
5.033221
5.721864
4.915388
9.638618
6.242188
3.291260
4.261126
4.380050
4.604727
4.034454
3.270506
6.495215
6.335541
10.117956
2.561522
4.467382
7.266594
7.484918
3.074910
5.793959
6.858502
7.279527
8.162258
5.568537
3.122630
-0.244219
3.194423
5.799723
7.883589
3.750060
6.533135
5.925282
5.205986
5.957291
5.691220
3.544661
2.308188
3.849785
8.925367
3.647104
3.622923
6.233935
6.794764
4.268386
5.085073
4.524666
6.260196
6.395722
4.671997
6.136936
6.731640
8.046112
1.480611
3.151488
9.301082
6.145246
1.992874
6.711661
5.492623
5.252404
7.644027
4.706221
7.084808
8.173396
5.900349
2.403237
5.220005
7.647348
8.800665
0.679383
9.840043
3.439744
4.742862
5.649421
4.624059
4.999905
6.148101
4.216058
6.637819
4.862669
7.141189
3.073890
6.342602
9.256910
3.508406
5.186431
9.073494
9.106830
5.024956
5.986080
6.253671
4.305797
6.845541
4.620969
5.180531
5.967566
6.899752
7.749585
9.107985
5.694204
2.546434
5.873315
6.259825
4.009243
2.310114
5.431454
5.385736
6.386843
5.569293
4.686706
7.543072
8.425124
5.583464
6.930808
6.046183
5.764128
9.114506
5.791121
8.968227
8.996161
4.399626
6.713720
8.516876
5.752694
3.637175
7.573449
4.918215
4.410396
5.119661
5.341552
0.825254
7.835406
6.624401
4.714064
6.057273
6.830470
4.049398
9.344998
6.862481
4.862051
5.228280
5.734299
9.495413
6.668879
7.487204
3.001489
6.186997
5.269683
4.826034
3.814498
5.291655
5.479264
6.119853
5.909275
7.235734
3.893964
7.918057
7.836949
7.891787
7.101045
6.159611
5.676023
5.185377
3.291436
6.567421
6.021860
6.494021
5.208897
3.825916
3.530424
7.802632
8.208482
6.757492
5.350670
5.862528
7.214546
9.477334
11.072820
5.711421
6.681956
2.252619
7.568828
5.599595
3.378934
7.350746
4.261188
6.567273
7.449666
6.093709
3.810012
6.362425
7.189749
5.472933
6.202297
6.701958
4.510741
5.760934
4.904861
5.195789
4.741086
7.856926
6.314536
2.937419
7.056240
7.896758
6.471255
5.576660
4.305182
7.506763
6.013000
5.190469
6.006212
4.520075
4.010782
6.382351
4.843616
5.568696
5.043267
5.325402
6.749475
7.485378
4.697557
3.830187
3.171517
5.407342
3.243176
7.967651
8.652190
6.498991
7.090229
5.470447
4.842856
4.012977
6.244336
7.761567
5.959425
7.102157
5.320125
5.015689
7.243787
4.232397
3.902466
5.871429
3.134957
8.376657
6.118821
7.421407
7.144859
7.039936
3.857431
7.220392
7.989225
7.203354
9.364605
6.561424
4.381444
5.357292
5.690037
7.913580
5.368293
11.114119
5.878192
6.564341
5.866095
5.514592
5.696476
7.088108
7.402572
9.286308
7.569944
5.492182
5.121367
4.597824
12.681314
8.517790
5.846038
4.236194
3.479447
5.970000
5.988735
4.737790
7.404065
3.268800
9.358264
7.495666
5.676473
3.976537
6.938149
6.288339
9.875020
9.779282
6.939569
2.737931
6.461917
4.795459
6.680740
5.241278
8.249660
7.219293
6.357754
6.061216
5.477568
4.959662
5.519230
6.801669
5.892807
8.747538
7.861092
6.139452
8.802522
6.876146
6.908558
5.380432
4.791918
4.604435
5.059813
5.917288
5.475964
5.364075
3.094413
9.208391
11.584256
8.383351
6.067105
3.079756
5.624393
5.105524
4.666628
4.709627
7.056782
6.539846
6.979503
4.606699
4.362399
9.034229
8.537685
3.727075
6.024632
2.517525
6.902163
4.105799
7.762510
5.835361
8.463887
9.144053
6.670260
4.530210
6.440435
8.808657
7.161312
8.299179
6.699505
8.330383
6.972366
4.441091
6.100390
4.723583
5.920498
6.017722
5.663305
7.153177
8.185715
4.571013
9.547213
6.570090
5.466805
8.021480
7.888916
5.267908
7.601680
6.599946
8.874521
7.378473
6.379817
6.092416
12.614569
7.798326
10.736782
5.587888
7.410927
5.132980
7.974219
6.774340
11.630539
7.178198
5.358207
8.919817
6.333160
6.588733
4.208251
6.368445
4.999085
5.596923
7.458595
6.279063
11.482188
6.161302
5.967111
6.701018
4.299013
7.382571
4.808562
6.972242
7.730430
9.746140
7.689602
5.345542
6.303124
4.240385
5.098189
3.641335
2.104269
7.804672
9.766060
7.640662
8.256625
2.474918
5.817836
7.876086
8.255311
5.151627
7.783947
6.267650
5.671010
9.540732
5.995427
8.879338
5.671184
7.978487
6.143583
6.205721
8.538476
9.010271
6.699372
4.646724
6.133623
8.661618
7.530948
2.638991
3.957536
6.297035
6.556871
5.785149
7.332399
8.477922
4.728133
3.281923
7.426695
8.944902
5.403924
6.000448
6.819724
6.143476
7.434494
8.717865
7.277461
10.227501
6.116322
6.181605
3.424066
7.845580
6.639914
5.040692
4.258720
7.841601
8.153954
6.258854
8.045624
7.072043
4.868954
8.611708
6.397219
8.327682
6.084370
6.928856
7.747947
7.372412
6.499928
7.101126
4.322750
3.811570
6.315661
7.620330
9.161579
10.119494
7.335239
9.392570
5.079753
6.056898
7.888831
8.257986
7.338219
6.888729
3.935940
6.219868
7.076785
5.771402
9.414469
8.698457
5.748533
6.875784
5.989350
7.160599
8.923517
7.925877
8.821637
8.606907
5.418782
8.983608
7.480312
8.201102
4.507602
6.414830
8.229211
7.820514
7.829803
5.921235
9.118210
5.066611
5.840766
5.671359
8.378799
9.894464
11.197602
8.493181
5.139304
5.483286
10.634292
9.169005
6.200208
7.004952
6.644684
8.035805
5.912346
6.600792
3.028844
5.308746
7.232691
9.032842
6.606509
6.043961
6.732443
6.382617
9.323283
5.475135
9.954584
5.557478
7.529270
9.314712
5.376401
6.766034
7.658437
4.679395
5.611750
6.715060
6.016294
9.265134
8.162848
8.081232
7.506454
5.188999
6.753696
8.876902
6.970930
4.705187
4.232858
4.758039
7.858532
3.996573
4.923564
7.139516
4.718159
10.080191
6.489618
5.837630
6.997758
6.209943
6.877057
7.295743
7.954177
11.047762
4.192975
7.823744
8.423569
8.369525
8.200684
6.377116
6.930158
6.157678
5.743182
10.050024
6.338708
8.211523
5.964768
9.275300
8.134116
9.958127
5.325327
6.761816
7.979107
5.554223
6.482672
5.632447
7.624098
6.845897
8.347119
5.430819
6.285957
6.643732
5.879850
6.416420
7.772188
8.680079
10.138703
8.379744
5.900503
6.985975
9.369795
10.655977
6.136044
7.707503
7.430649
4.678125
6.203026
6.193630
8.998337
11.768459
6.040320
9.129160
5.633642
9.145231
7.515203
5.525722
3.659072
5.822978
5.320338
6.363815
7.558648
5.562644
3.996370
7.041897
6.537782
7.622081
5.867093
10.647539
8.609471
4.958276
8.339879
5.745113
8.169265
9.540499
6.878228
5.339546
6.334751
9.985056
4.459859
3.892163
6.367801
7.227563
6.921460
7.514740
5.258499
8.882998
6.554768
7.049029
5.067504
7.905622
9.104460
6.232858
6.402922
5.985483
9.208201
6.687130
6.158254
8.685504
6.114729
11.691566
9.930847
7.910890
8.380174
8.939608
5.091668
12.820314
6.251974
5.793120
5.068178
5.262228
6.951958
8.645632
7.610421
6.037312
6.725574
5.020465
6.453315
7.365088
9.606521
5.948044
6.192756
7.340824
11.237450
6.577217
9.460685
7.519303
7.001081
7.758759
9.752560
6.411911
7.823309
7.839054
4.972393
9.131456
10.062843
5.801337
5.454075
9.502850
6.212782
6.353032
8.371820
5.671981
5.898452
4.746352
5.650955
8.330657
6.941085
5.916664
6.337605
7.037255
7.623565
11.816607
8.319093
6.630112
7.697922
6.834987
7.506072
5.332575
7.590293
8.076626
10.258104
5.125735
4.142995
5.457850
5.583227
5.524058
7.936862
4.518023
9.615978
12.009644
9.364850
7.623018
9.462256
10.846584
8.106853
9.776619
7.076561
6.057219
7.971780
7.683145
9.886041
7.664454
4.844759
10.356169
7.531576
8.345551
11.115292
9.325190
6.908405
8.101036
7.853553
8.152208
7.687670
4.935847
8.080033
9.766216
10.950602
9.722113
6.515820
9.794787
5.693225
9.759161
10.471824
9.333866
8.373220
10.269487
5.843588
7.308923
8.307079
11.129944
7.368845
6.173880
8.724670
8.484417
8.044821
5.637715
5.783787
5.888858
5.885186
7.548566
9.978274
17.078739
9.741039
6.577726
9.520750
8.575629
7.258503
11.891688
9.231903
6.504100
6.237000
5.278799
10.506537
9.836981
6.416496
9.401073
6.652682
9.958823
6.789927
5.873890
10.409770
7.985984
6.899501
9.101391
7.073003
7.225449
8.296104
7.423759
6.922328
8.245154
7.085061
6.446967
8.484617
5.131509
6.422446
7.289321
6.764485
6.164018
14.473394
6.794336
8.407365
10.060611
6.697745
6.745925
10.452423
4.925996
6.122839
8.763683
6.300831
8.552415
8.506847
9.070213
6.048025
6.976406
8.041255
8.464755
4.973312
9.619246
10.152266
8.331068
13.410603
8.516468
9.419683
9.580268
10.746524
8.392472
7.555366
9.266612
7.124501
10.637869
8.383438
10.766516
9.082232
7.995665
4.043096
6.597663
9.479053
4.404900
7.670259
9.028344
11.447830
7.675086
9.081963
9.121046
6.385324
6.857289
6.206295
10.252054
13.994001
7.996452
10.278736
14.613330
5.081997
9.000362
7.220704
7.501730
6.588288
8.600908
11.281415
12.498934
8.983761
10.921741
13.387430
7.053402
10.701275
7.985653
7.611615
10.322334
8.956650
5.683092
7.964016
12.715954
12.922316
12.954114
14.498790
9.126273
5.770660
10.248358
8.990520
10.600328
7.927921
10.993557
5.444216
7.591685
8.523625
9.649782
7.794942
9.766144
10.394020
8.006506
5.303264
7.255224
7.188140
10.651081
9.724483
13.388496
6.778295
5.807800
6.452604
6.622688
13.036171
8.285842
7.529752
3.241894
11.066714
8.193623
9.307877
10.558573
7.662118
6.694283
7.362089
11.268443
11.959279
9.516005
9.217280
7.495265
5.030718
8.258312
6.730830
7.692356
8.748199
8.308846
10.224396
6.574329
10.448387
9.533852
5.594543
7.429495
11.060359
8.768564
8.745646
10.780082
9.342305
9.290639
8.301526
8.038916
11.665428
5.638309
7.495161
8.147617
9.550000
11.422878
6.733738
10.879940
8.658365
6.846911
13.328726
14.978863
8.304034
5.141522
11.218759
8.859671
7.297930
10.392950
10.740515
10.567961
7.637879
8.351946
10.135024
9.513472
12.557126
13.980824
7.289808
7.160317
6.525132
9.093988
9.220687
10.655859
7.737956
12.426810
5.853596
14.189281
10.081175
9.123571
12.316845
9.757683
10.360540
7.666595
9.247841
6.050889
15.841185
10.901059
8.972149
10.387946
7.524382
8.015484
5.042952
9.037798
8.633806
10.822766
8.994574
12.262992
9.829578
6.193625
7.196750
12.217321
13.085506
5.356087
9.177076
9.283937
9.675468
5.700393
9.576450
9.075141
10.067001
8.297087
9.327277
7.405543
11.765367
9.021872
13.957468
11.575387
8.055456
8.729978
8.982138
10.480160
10.036682
11.117992
10.607780
12.563627
12.418325
8.000782
7.684268
10.187058
8.957647
7.268344
8.750191
9.587153
9.984035
11.301041
12.009906
11.927029
10.051457
12.320345
8.846007
11.623713
8.973560
10.163292
9.756001
8.970648
7.100727
5.828026
11.515327
6.900924
8.019928
12.282008
7.794412
8.857841
11.526482
11.344149
7.043313
10.932514
12.861177
9.410446
10.277800
8.714092
11.724957
6.975173
8.524105
11.372053
9.210453
12.442329
9.058919
9.060961
10.073536
6.136854
15.257568
9.202534
10.403600
9.223825
12.018206
8.530987
11.808229
11.136720
7.733592
8.113973
9.890364
10.826481
10.654395
8.539076
13.208292
8.364826
11.944743
10.847214
8.041830
12.435178
10.416765
12.019273
7.884029
12.567983
4.774446
7.110698
7.869349
9.722478
9.604156
11.084717
10.897367
11.419676
13.335186
7.588789
11.490810
8.760132
7.988603
10.828793
9.009971
9.727478
14.694883
10.469095
9.240233
12.926100
10.189005
6.980818
9.699152
8.451302
10.273483
8.633112
11.678947
9.587934
14.301216
15.364620
7.424378
8.615442
13.876191
12.216612
9.441504
7.832990
13.589984
10.420716
10.593416
13.492924
10.597803
8.827779
12.768681
7.844607
12.330325
11.489677
10.484953
8.105158
10.905558
12.821255
8.974339
9.180357
10.680699
12.926854
10.032972
15.666174
15.366707
10.734280
11.989334
10.078499
9.976588
8.938614
12.727043
12.942852
8.255777
12.593441
8.264265
10.705692
10.682507
10.968611
9.145850
12.272549
9.340887
11.444073
9.361771
14.737886
11.735045
8.703999
11.203085
14.303813
11.784061
11.443561
8.563124
13.844140
9.251378
13.244843
10.144774
7.913097
8.584417
10.079612
12.983638
9.027700
11.077591
10.958606
10.009754
8.705381
10.711673
15.909960
13.557983
9.409576
12.550893
11.854729
11.468538
7.884675
12.773720
9.574426
10.854896
10.484018
9.294199
10.794701
10.486578
8.728683
12.561373
13.876830
12.584547
6.726949
11.888148
13.199759
13.284422
10.015295
9.510459
10.876836
10.637106
8.714252
11.108642
12.850055
10.789141
14.199900
11.243968
10.607430
12.232380
10.390991
13.176405
10.529372
12.382415
11.170090
10.883715
12.161498
13.256210
10.477764
11.446815
4.080198
11.377647
10.742100
12.881556
10.573390
11.728350
14.709722
10.094416
10.931393
9.860307
14.126740
10.398705
9.263928
12.291548
15.339913
13.699251
10.536724
15.538013
11.519882
9.685480
6.816463
10.688538
11.131226
10.343845
11.207100
9.556927
15.484404
8.926346
13.514815
9.276255
11.343900
12.616827
8.430007
9.961474
12.432960
13.551949
11.980043
11.182478
10.664800
12.298346
10.522589
10.099323
10.250786
9.924047
12.985584
9.899708
10.722146
12.415438
10.437672
13.424334
9.752537
12.722797
11.652293
9.436960
11.136768
8.756599
13.578306
10.311769
14.063765
12.806229
13.827770
15.950804
11.423372
10.378348
10.920382
14.668131
10.358602
13.629985
10.114413
10.103684
12.919078
12.383175
15.049262
14.443326
11.495672
11.567061
9.700481
10.746937
10.689251
12.313095
9.329729
11.213204
13.668045
10.324446
10.723721
11.753465
14.671679
11.126959
12.027387
13.447019
10.027292
12.319160
10.759030
7.189551
10.618989
12.295616
9.629728
9.142555
11.938269
14.067224
12.251778
10.978146
9.249714
11.648546
10.093374
11.875294
10.533384
14.656277
15.543207
14.358253
13.467167
13.799286
13.209447
13.082962
15.248549
12.633745
13.875458
12.305676
11.096641
12.452857
12.188374
16.554333
14.594587
12.440784
13.380898
16.858986
11.886589
14.528539
14.646950
13.343447
11.443934
10.675927
11.427686
9.360243
12.827751
8.250040
14.159172
13.828266
12.311237
16.606873
17.227005
9.953367
10.222218
12.416653
16.944447
14.624809
12.262198
11.682493
14.282736
10.779364
10.832072
10.772516
12.163054
14.038631
14.863722
10.549505
15.081479
13.857183
12.005106
10.650076
9.827074
10.307935
14.020924
12.267437
12.750669
9.295981
15.126202
11.908335
13.016804
11.653761
11.532370
10.850267
15.031418
14.733316
11.108395
8.597484
14.441658
11.180735
13.020076
14.779112
12.507852
13.372129
10.487020
11.571835
10.502682
9.762362
9.595967
10.173294
10.750923
13.144247
11.218320
11.485020
13.942369
11.740953
11.932819
12.703659
12.437799
12.433413
11.577206
12.428247
12.174706
14.480881
12.549582
13.914364
11.497850
11.824165
13.148081
12.679914
10.437008
11.449319
13.387833
10.880678
15.040462
9.337584
9.921309
12.848677
11.317419
11.581013
11.174298
17.319576
10.673555
12.089250
12.088711
12.585182
13.219368
14.659150
13.615499
11.333784
11.317277
14.180305
12.997004
13.387205
12.619376
12.520826
14.359665
17.982656
11.417238
9.855639
12.976402
11.544915
13.221672
15.988737
13.060521
14.731010
13.462250
13.680960
13.727411
11.818313
12.436304
10.810612
14.409960
14.411333
9.294736
9.468251
15.124804
13.503231
12.751139
15.022217
12.047710
13.160694
14.308903
13.726641
10.114222
12.988134
12.598095
9.766418
17.234671
11.442125
10.744513
14.312090
11.107187
12.607389
11.491198
12.489994
13.895184
15.227184
12.897352
11.461828
12.182238
8.609943
13.616029
15.342887
12.746352
11.672794
13.004891
14.767558
13.885831
14.768779
12.527764
12.141214
12.661076
15.034163
13.334976
14.089849
14.865908
12.998816
12.884832
12.140730
11.944968
10.954378
14.064088
14.383650
11.827064
14.315367
11.729431
11.321715
12.403497
13.714304
10.875763
12.443038
15.524301
11.411496
14.261244
14.986481
14.206253
10.712749
10.057470
11.855839
14.665829
13.199190
10.244962
14.501727
10.981722
13.969053
12.441082
14.554585
11.036173
13.744123
13.749549
13.959396
13.462805
12.622135
16.591675
16.922338
14.826653
11.474636
16.005474
11.718189
14.394041
11.371886
10.607540
11.592541
13.006636
14.462915
14.078918
16.128071
12.104609
9.381216
13.343948
14.081863
12.833091
16.729237
11.298334
11.121469
13.614654
15.520808
13.585857
12.969610
13.764334
10.826291
13.729158
14.538332
12.923237
12.172144
10.493305
11.754679
11.645527
13.629601
10.752222
11.446632
16.144554
16.304741
16.180431
13.496287
12.165625
13.038277
12.398787
13.804335
12.475714
14.290491
11.591993
11.773109
15.868054
12.760365
12.732105
13.805199
13.864540
15.670429
12.503160
13.811399
12.024535
13.971270
11.163265
15.452724
15.721819
13.288494
15.433674
12.517895
14.436824
12.664267
14.248062
14.319380
14.064732
12.052943
13.153488
11.464454
13.925167
11.832636
13.171966
12.431983
12.392715
15.532427
11.158102
14.960515
14.365448
13.068760
14.206511
13.968752
12.094337
13.215743
12.887718
12.872993
13.882404
13.033587
15.981184
12.612224
12.506914
15.150989
13.883211
13.730214
15.455420
12.291029
13.171587
15.873928
15.391748
13.784190
11.551250
16.103264
15.001492
12.166889
14.502167
12.349798
15.052868
13.362064
14.082089
15.522558
12.449207
15.656191
12.276485
15.148729
14.150249
15.309958
11.613109
10.955222
12.905259
16.581949
15.463299
13.290010
14.868003
11.746225
14.612436
17.435564
13.426128
16.459400
15.439867
14.037067
15.025959
15.385113
15.778061
14.908340
12.003673
15.470131
12.617757
15.854968
15.916473
16.511219
14.757609
16.187611
13.397293
11.825745
12.434938
12.807713
14.752102
15.245271
13.529001
14.493711
15.025217
16.404852
13.831917
14.231208
13.280334
15.337465
14.813614
15.499844
12.053177
14.426445
17.661848
16.607098
13.184309
15.025286
12.571190
15.082679
13.007572
17.325357
13.612027
16.519207
11.787672
12.477821
12.533829
11.125726
16.184721
14.464338
13.554998
13.447230
11.809015
14.154989
12.789677
14.504599
14.839565
13.696038
16.093502
13.405060
14.242316
17.087229
14.064318
16.046154
13.429340
12.730421
12.412720
16.255787
15.027953
14.595082
15.779205
14.905110
15.218605
13.940185
14.644596
14.384431
11.718709
14.914591
17.405132
13.644088
16.938450
14.569811
12.675093
15.509240
15.933861
16.868019
11.579148
14.251668
15.580338
12.611870
16.508678
14.700521
13.208906
16.251522
15.715491
15.390335
15.094512
15.202885
15.783664
12.018995
13.488598
13.717603
13.249210
15.364985
16.021839
15.791468
15.584414
13.646053
11.821749
14.067362
14.507826
14.728789
16.296204
17.248449
14.979473
11.835224
14.228035
13.633514
15.419456
13.808154
15.651249
17.448915
15.856789
15.470345
14.196749
15.063855
15.004576
13.372478
14.052509
15.617456
14.933918
15.808316
15.654810
16.371485
14.591564
12.761199
15.979616
14.061472
14.210257
13.716635
15.350425
12.756882
15.853683
16.159683
13.202725
17.290043
13.680799
13.884936
14.082460
13.685009
15.756501
15.665901
14.967068
10.016428
17.214468
14.864267
14.421702
15.440079
15.809521
14.666991
15.238735
15.560019
12.356720
13.706785
16.013884
13.579692
13.842664
15.082317
15.707203
15.466887
13.243914
15.447134
14.195316
14.101923
16.440247
15.755507
14.715219
16.391109
12.859676
13.009743
14.303392
13.105854
15.878647
15.530954
15.273539
12.436226
16.294342
14.216671
16.299803
14.329321
15.649212
14.928211
15.625349
15.175406
13.788982
14.200125
15.012680
15.429745
15.735350
16.035480
15.954098
15.393454
16.580162
11.588091
15.431605
14.690381
15.288816
12.131329
13.368797
13.844412
14.395645
11.370491
15.803077
16.150997
15.304535
16.235432
14.169099
14.935646
14.456674
15.684134
12.370674
12.528804
15.508348
13.657618
14.689801
15.551971
15.432837
15.352597
15.384315
14.869385
15.855833
17.407194
15.807846
15.238501
15.802822
17.356468
15.457457
14.267410
15.473623
15.328712
14.780387
15.489893
16.227810
16.048195
14.909862
17.009598
16.239992
14.041891
16.923357
15.216208
12.743897
15.674852
15.906336
16.443966
15.214005
17.035736
14.698510
13.322395
15.598509
15.654786
15.825318
14.130259
15.918247
13.536390
13.446884
15.591763
15.141645
15.291096
14.250401
17.142475
15.064394
15.273569
11.405421
16.289036
14.827990
15.862566
15.495874
16.097843
14.993238
13.653033
15.671619
13.630127
16.560579
13.571270
13.454937
15.393709
15.884560
16.178377
14.538128
15.713533
15.396807
14.692636
17.050310
14.389254
16.055847
13.397825
15.926662
15.138888
14.570242
14.203358
15.641668
16.203600
16.594873
15.944187
13.433080
14.451798
15.822142
15.517696
16.500401
15.116031
16.350471
15.505983
15.474005
16.577637
15.911789
15.919903
14.911839
15.091150
15.300219
16.024197
16.647556
16.243189
15.627461
16.933104
16.194500
18.094776
16.289171
16.196705
13.691531
14.774018
14.617466
16.087296
16.288723
16.457071
15.503683
15.884621
14.397332
16.617537
17.099653
13.468928
13.419860
15.216251
16.847866
15.721824
15.627167
15.725507
15.017581
15.164146
15.505929
16.392838
13.747473
10.602098
15.184587
17.216282
16.658859
15.576081
16.373526
15.314386
13.146198
16.715603
17.517248
15.250814
15.926695
17.599598
17.044487
15.450556
16.335932
14.871671
17.000477
15.803058
13.586181
16.917179
16.229181
14.151402
15.914980
14.906013
15.118397
15.767710
17.515520
15.775258
15.325193
15.732793
15.150369
16.255428
13.843771
16.150677
15.792130
15.920413
16.442558
14.546918
17.455948
16.159006
16.302122
16.944307
16.610878
16.021179
15.673424
14.273917
16.536533
15.974557
15.496321
16.515553
11.485245
16.653383
15.232796
15.790007
16.573601
16.493023
13.662369
13.814223
17.447239
15.845346
16.208286
15.253202
12.930944
15.862415
16.578022
17.084343
15.711031
16.483850
15.201402
16.686373
15.184452
15.403196
13.667168
15.608648
16.473555
15.962164
16.446291
15.957966
16.543001
11.929688
15.427323
16.192421
17.324684
15.640148
16.955914
15.954414
15.225167
14.812119
16.255733
15.730474
16.105282
14.960741
16.185112
17.150602
14.237462
14.200528
16.955734
16.075575
12.349417
14.496756
17.509727
14.805360
16.383635
15.395027
15.463943
15.104280
16.138062
15.706575
16.744358
17.400177
15.982061
15.287819
15.548776
16.439486
17.740223
13.486425
15.015354
16.548765
15.072113
15.593651
16.564163
16.259146
16.382669
16.424604
15.484761
16.736137
15.874369
16.154909
12.815776
16.628906
15.827145
16.277073
14.630632
15.842115
15.564300
16.571381
16.793667
16.535404
15.301940
15.934256
14.052921
15.702229
16.922302
15.235588
16.301996
17.055878
16.105801
16.277065
15.745584
17.304190
16.448772
15.907103
13.431234
17.406614
16.115362
15.836573
15.476511
16.591951
16.148724
15.813429
18.866674
16.405355
17.016247
15.359808
15.502514
16.371902
15.867350
16.589878
15.838343
15.892262
16.225126
17.092213
16.030230
16.317516
14.720031
16.253784
16.905807
16.862637
15.418344
14.849313
15.960983
16.782854
15.798818
14.397575
16.585144
15.569851
16.431946
17.285557
16.095022
15.429510
17.142792
16.233608
14.570183
12.177053
15.570711
16.736290
16.110809
14.727120
16.307192
17.741419
15.759871
16.869114
15.877943
15.656521
15.838663
15.693230
15.974397
15.180965
17.190693
16.286016
16.202799
16.701653
16.110104
16.784990
15.742158
15.663200
16.684273
17.106098
17.131027
17.642984
15.928047
17.420702
15.378054
16.446032
15.527540
14.574434
16.683083
15.114260
15.614075
16.745094
15.654584
16.455896
15.762430
15.971498
15.396593
15.926681
17.288868
16.172379
17.174381
16.712927
16.017231
16.858572
15.704392
17.291029
16.806087
16.345844
16.279907
16.286861
15.419218
16.123409
16.607700
15.607605
17.039047
15.875888
15.737853
17.331837
16.694622
15.689284
16.790359
15.908401
17.280663
17.083189
16.829508
16.307629
16.318501
17.735302
16.780518
16.443027
16.065197
16.183380
16.476292
15.914942
17.239351
16.364159
16.338369
15.798771
17.558998
16.618258
16.178234
17.230968
16.468342
16.643055
16.455704
17.302843
15.327349
17.074211
17.603302
16.234447
16.511497
17.123363
16.552868
16.893772
16.876759
16.200665
15.962312
15.870153
16.359241
16.272259
15.491990
16.159966
16.070717
16.896446
16.845713
16.630314
16.626745
15.622702
16.246397
16.214622
16.745050
15.107663
15.941000
16.868855
16.860142
16.493965
16.310127
16.501179
17.030128
16.491978
16.022490
16.218594
16.761068
11.993252
15.663200
17.278105
17.132278
17.204182
16.791826
16.828856
16.804901
17.882656
15.439346
14.196294
16.933498
15.306406
15.810232
14.196105
14.657065
16.173967
16.429314
15.849148
16.342518
16.738598
16.231659
17.244352
15.199375
16.726202
15.605558
16.248837
15.681321
16.599789
16.746586
16.866291
16.675108
16.684334
16.518505
16.554161
16.363216
15.864124
17.439236
16.895418
16.811583
17.183735
16.995453
17.228914
16.006405
16.470734
16.140419
16.962151
17.326752
17.468842
16.166079
16.822124
15.098524
16.389767
17.008539
15.528152
16.963896
18.022409
16.238840
15.816057
15.911829
17.258867
16.814014
16.790058
16.355606
16.185768
16.342161
16.823999
16.789394
16.976297
16.397062
16.796621
16.055204
16.483568
15.539187
16.253025
14.972356
15.491940
15.942752
16.145166
16.800301
16.795347
16.527899
16.367857
16.476019
15.019535
16.883625
16.935965
16.964523
16.760588
16.108807
17.186665
16.564152
15.905341
15.510826
13.613956
16.967859
16.258038
16.719868
16.773037
16.349442
16.294228
16.458509
16.275417
17.079224
16.559952
18.019791
16.711264
16.558571
16.898113
15.653560
16.200134
17.633541
17.142651
17.525101
16.222588
15.372525
11.189990
17.035038
13.909523
16.996294
16.999329
16.195560
17.497082
16.644384
16.863741
17.115425
15.617681
17.106226
17.153221
16.666225
16.955694
16.930130
15.435002
16.063396
15.714367
17.207647
16.349819
15.312496
16.913988
15.896620
16.338993
16.854641
16.960646
16.964891
17.359016
16.918488
16.731102
16.953156
16.797688
14.441865
16.431637
16.577972
16.179295
16.127766
17.200497
16.960438
16.328775
16.755402
16.577658
16.888367
14.401848
16.386639
15.317760
16.399498
16.643066
17.138281
16.848463
13.969095
15.797364
16.008127
17.039276
17.377026
17.058954
16.664282
16.993317
17.523933
14.475339
16.513830
16.628902
16.138317
17.300875
17.111053
16.180979
15.294086
17.194439
17.018639
16.974573
17.147100
16.593765
17.001825
12.849261
17.100704
15.243940
17.287380
17.107098
15.362603
17.738358
17.077463
16.850605
17.124512
15.868101
17.015532
16.511971
16.039061
15.575689
16.929733
16.444538
15.094963
17.243481
15.829844
15.681176
16.648352
15.849212
17.078999
16.837826
17.021872
17.217583
14.982322
16.140909
16.328367
16.046852
16.841417
17.977058
18.498238
17.311245
16.142553
17.279898
15.795275
17.116861
16.911556
15.613850
17.291073
17.681993
13.219316
17.043680
16.154341
13.215136
16.277920
16.587311
16.250820
16.780972
16.828743
17.117741
16.857271
16.878651
16.664122
17.281986
16.620358
15.228901
17.134211
17.327387
16.250751
16.795902
17.123798
17.822382
17.113325
15.395671
17.094822
14.636169
16.751760
16.757601
17.057901
16.238943
16.238758
16.419683
16.946598
16.476393
17.240057
17.043575
17.309263
16.552116
17.305569
16.949451
17.421597
16.564999
17.705412
17.140011
14.938810
16.093403
18.060963
16.938768
17.275541
16.998714
16.778387
16.703686
17.056856
17.043633
16.558947
15.934006
17.353127
17.459660
17.149200
17.142582
17.726187
16.112617
17.011063
17.359890
17.254826
17.139936
16.769987
17.059893
17.107594
16.377155
16.999218
16.862896
16.118137
17.388178
16.998232
17.157295
18.461777
17.953110
18.648392
15.181169
17.019928
17.234083
17.042633
17.206062
16.762970
17.240002
17.123806
16.900463
17.897060
17.318314
17.212353
17.094105
17.212784
17.527786
17.477970
17.226393
17.060326
16.654911
17.153662
17.251608
17.041855
17.034534
17.540909
16.987398
16.662973
17.757475
17.116854
16.698029
16.854370
16.938959
17.227615
17.169533
16.686705
16.741562
16.275032
16.432234
17.082174
17.026432
16.966482
16.937054
16.237534
16.963406
17.468113
16.417601
17.366014
17.169304
17.232960
17.148970
17.305729
12.733657
17.444077
17.401176
17.002586
15.419928
16.649902
17.084570
16.644327
17.184509
15.570541
14.874698
17.359840
16.583332
17.496605
17.041916
17.450539
17.143465
16.361752
17.159222
17.800577
16.835354
14.726628
16.299898
16.892649
17.043018
17.070723
17.344687
16.853956
17.093710
14.759743
17.158205
16.546715
16.339081
15.685447
15.497656
17.895336
16.374832
17.579079
17.289707
16.882586
16.944134
17.030123
17.282013
17.022633
16.745388
17.056681
17.046730
16.976295
16.899055
16.939030
16.958216
17.212227
17.321823
17.068535
17.309645
17.064177
17.372395
16.097433
17.265064
17.345257
17.274769
15.194918
17.139996
17.837357
17.182323
16.901245
16.180542
16.982094
17.095592
16.987043
17.178898
17.326567
16.918726
17.155708
17.323137
17.325357
17.156933
16.958937
16.856724
16.941353
16.657539
17.202641
16.199039
17.403091
15.818400
17.403152
16.311985
16.786537
17.419567
17.676922
16.197208
17.217403
16.329723
17.222090
17.484032
16.998253
17.291906
17.315271
17.489326
17.470207
17.283428
16.159042
16.344872
16.612152
17.324841
17.021919
17.164564
17.175200
16.381884
16.196217
17.588720
16.459312
15.311425
15.789285
17.712332
17.424755
18.088007
16.085854
16.696148
17.178673
16.820692
16.610390
17.214378
16.210522
16.038887
16.904230
17.178947
17.214657
17.138281
15.387053
16.979004
17.015635
16.237991
15.871482
17.351074
16.979874
17.290859
17.375607
16.352085
17.077732
15.092937
17.776737
16.942629
17.021984
16.716942
16.302761
17.241446
17.268160
17.254208
17.290634
17.362873
17.197620
16.320717
16.964231
17.318296
17.036182
17.238441
16.685738
17.326895
17.154331
17.069246
16.768677
17.525799
17.388386
17.128624
17.239677
16.392208
17.438944
16.013969
17.256479
18.113298
17.098850
17.085503
17.007805
18.023705
17.141323
16.854347
17.310417
17.135908
17.154755
16.658550
17.177519
17.008806
17.150854
16.837456
17.233776
17.224895
17.209921
17.096313
17.180262
17.375433
16.431986
17.339510
17.462166
17.293659
15.093990
17.162083
16.801624
17.167850
18.038612
17.081532
15.771627
16.066519
14.159230
17.327496
17.348486
17.343803
16.690855
17.321659
16.546871
17.602926
17.253334
17.118679
16.917116
17.348988
15.817435
16.007595
17.366837
16.150167
17.420778
17.315546
17.424862
16.690218
17.256413
16.515295
17.164471
17.323971
17.256639
18.006578
16.519077
16.930470
17.107218
17.509937
17.520683
17.173155
16.987421
16.939812
17.363920
17.325741
17.237133
17.269541
16.140858
16.284916
17.209641
16.076931
17.301208
17.443920
16.822197
16.578787
17.405848
17.194019
16.148920
18.111717
17.590603
16.368668
17.621559
16.340929
17.335743
17.240234
17.432241
16.332249
16.309105
16.811159
17.977385
17.766907
17.464935
15.981005
17.483644
17.292019
15.839438
16.256727
16.968102
17.483877
17.267014
17.526133
17.502998
17.093868
17.225346
17.392241
17.446566
17.349815
17.331182
17.194351
16.961739
17.239113
17.437805
17.182144
17.222477
16.248413
17.203136
17.542559
16.599983
16.997402
15.934377
17.318079
17.881615
17.372250
17.331898
17.256033
17.092274
17.132111
17.047430
17.357418
17.494064
17.416153
17.221952
16.172291
16.961853
16.723278
17.323641
16.280792
17.512798
17.323971
17.306673
16.136166
16.540699
17.544649
15.960808
16.043102
16.435673
17.474722
17.224140
16.299946
16.392229
17.242432
16.271162
17.307272
15.655134
17.137405
17.510157
17.034641
17.183033
17.350918
16.808037
17.032330
15.153790
17.203304
18.084181
17.303253
18.523821
14.000507
15.674638
16.567751
17.009808
16.200150
17.028305
17.381323
17.255203
17.266953
17.192337
17.514446
16.981131
16.917042
16.259615
17.020008
17.209751
17.235752
16.396732
17.225677
17.360613
17.434443
17.643307
16.838051
17.411852
17.225010
17.378517
17.130554
17.492687
17.161657
17.207989
17.387939
16.174435
17.424473
17.488287
17.246277
16.470650
17.198944
17.425632
13.955100
16.130405
17.381611
16.962128
17.100271
17.272564
17.195431
17.294323
17.356865
17.307880
17.462934
17.095314
17.436493
15.615544
17.346781
17.515114
14.814855
17.274715
17.104219
16.816990
17.254606
17.515837
17.442545
16.364311
17.349586
17.582991
17.410093
17.496489
17.561451
17.108702
17.360390
17.242867
17.346123
16.267185
16.441547
17.268154
17.232281
17.311245
17.346333
15.321651
17.400183
17.390095
17.204687
16.318684
16.992165
16.147133
17.291744
17.455162
17.348877
17.549053
16.775330
17.245029
17.111559
17.413013
17.351639
17.210186
14.395472
17.401325
16.194067
17.490591
17.256577
15.319287
17.238249
16.428102
17.486633
17.691082
16.560753
17.074871
17.107815
16.922913
17.398247
17.312786
17.475544
17.450541
17.304632
16.444197
16.373486
15.349585
17.611368
17.600842
17.350254
17.306015
17.315758
17.035423
16.138887
17.260881
16.179430
16.893955
17.436424
17.388937
17.395103
17.044832
16.990768
16.991333
17.122858
17.330091
16.380680
16.831528
18.001390
17.177404
17.217558
17.281490
17.144512
17.125998
17.144402
17.458794
17.436649
14.963126
17.213278
16.108067
16.737280
17.094101
17.634516
17.363197
17.385571
16.044912
15.584906
16.962488
15.986208
16.662617
17.318066
17.422665
17.164894
17.432796
17.225780
16.159611
17.584045
17.812252
17.278904
17.282488
17.010895
17.388004
16.545036
17.545034
17.061974
17.457031
17.581942
17.541178
17.221539
17.516321
18.398636
18.164783
16.387844
18.015169
16.126410
17.338903
17.383368
17.442324
17.606489
17.200878
18.111454
15.312443
17.201031
17.379230
17.465588
17.397034
15.387053
17.489105
17.655010
17.402876
16.201979
17.455658
17.315758
17.482109
16.991541
17.405853
17.424141
17.309223
17.458681
16.733379
17.417870
17.478800
17.255314
16.389692
17.156799
17.490820
18.311203
17.547291
17.441952
17.300383
17.601509
16.641743
15.316539
16.300274
17.029888
17.300278
17.600842
17.532248
15.360718
16.196447
16.267080
16.248163
17.484318
16.227448
17.270119
17.412298
17.367172
16.149099
17.296753
16.220196
17.226276
17.402933
17.549625
17.348669
17.278351
16.516525
17.447775
17.319233
16.382835
17.489326
16.818659
17.379896
18.248421
17.318405
17.261494
16.904966
15.983049
17.383751
17.001226
17.414555
15.331829
16.971130
17.464970
17.495331
16.271908
17.312122
17.340664
17.260881
18.951801
17.351406
17.473186
17.367329
17.234707
17.344358
17.337971
17.481226
17.421715
17.498581
17.328533
17.316813
17.547232
16.457130
17.249859
16.066853
17.510151
16.567137
17.364138
17.460951
17.301159
16.149099
17.399271
17.437370
15.360491
15.361792
17.367056
17.423763
17.439745
16.120796
17.381552
16.249912
16.228127
16.087839
17.364853
15.351568
16.490789
16.148588
17.444969
16.600668
17.561119
17.237850
16.968224
16.159149
17.620628
17.373779
17.445961
17.292347
17.368439
16.208691
17.347113
17.391251
17.568068
17.157848
16.219587
16.096432
17.207710
17.417976
17.368937
17.433739
18.102676
17.270504
17.473965
17.354439
15.866190
17.395760
17.353062
15.228575
17.298515
15.368973
15.351568
18.412729
17.366344
17.203499
14.547224
17.465801
17.502274
18.079144
16.107307
17.455166
17.320280
17.458637
17.040047
17.341988
17.931591
17.431637
16.187639
16.189606
17.507950
17.336142
17.511423
17.477148
17.623653
16.582281
16.068186
17.501448
16.197117
15.368973
17.496004
17.552359
17.466515
17.266441
16.229080
17.542494
17.474943
16.232059
17.267330
17.543869
16.104673
16.263775
16.086224
15.274972
17.131786
16.086254
17.476105
17.392675
17.329311
17.344353
17.483759
16.069086
16.084288
17.410219
16.106371
17.405848
17.245346
17.066935
16.144627
17.645866
17.436874
17.597101
17.336205
18.219845
17.429213
17.350142
17.452133
16.210304
16.518089
17.563654
16.232180
16.026608
16.276676
17.439034
15.368973
17.284737
17.080341
17.313776
17.370089
17.288544
16.123266
16.307619
15.082756
16.880316
16.565578
16.300617
17.370970
17.363096
17.329540
15.006617
17.360447
17.552082
17.595722
17.319948
16.232895
16.179430
17.572197
17.157021
17.411968
17.514780
16.453648
16.146065
15.352631
16.200634
17.457920
16.599056
17.477707
16.171513
16.283112
16.181183
17.474232
16.493916
17.442104
16.239752
17.104366
16.156406
17.308439
17.458969
17.343203
17.271072
17.186916
17.336264
16.308142
16.187639
17.309258
15.294022
17.501278
16.227827
17.468990
16.198183
15.400747
15.351568
17.490923
17.389540
16.206425
16.655554
17.362537
16.228846
15.342739
15.984562
17.533680
17.357687
17.429707
17.026150
17.594126
17.430256
17.507076
17.392849
17.331467
16.523483
17.522106
17.484585
17.093037
17.746628
16.075378
17.454670
16.179430
16.219234
15.142183
17.442659
16.137043
17.521727
17.238071
17.465250
17.486183
17.272449
16.369932
17.412300
16.167471
17.563431
16.057716
16.919857
16.096214
17.417870
15.418751
17.578972
16.235468
16.076046
16.185541
13.416055
15.781425
17.328537
17.424141
17.457970
16.198183
17.546188
17.435104
17.631149
17.611368
17.609608
17.496986
17.464418
15.341007
17.576160
17.079826
16.269382
17.566460
16.259392
17.656170
13.020853
16.497833
17.504589
17.355820
17.481112
17.632801
17.357868
17.393677
16.210659
17.511696
17.455170
16.298866
17.585415
17.335321
17.440229
17.355705
15.352282
16.144829
17.296972
17.517921
17.404747
16.330261
17.406515
17.499186
17.395657
16.391754
17.364964
16.128380
16.261141
16.186272
17.595058
17.650658
15.362474
17.534014
17.568062
16.574150
17.394112
17.592525
17.566681
17.900635
15.958004
17.277304
17.280573
16.291933
17.515278
17.457367
17.529652
16.328640
17.488352
16.116234
17.446951
17.391851
17.521725
17.435822
17.305542
17.614727
17.626411
16.291573
17.447285
19.250237
16.198479
14.551823
17.541782
17.511757
17.609991
16.190319
16.237658
16.261600
16.215189
17.569109
16.187290
16.458536
17.466400
17.540512
17.493729
17.258791
17.478638
17.544813
16.156740
16.228178
16.016855
17.392399
17.562428
16.218220
16.117836
15.380891
17.533680
16.573109
16.221952
17.330538
17.539085
17.471584
17.440897
17.511242
17.625368
17.313663
16.166019
17.499298
15.320587
17.540243
17.248709
15.250394
17.453787
17.582060
16.128502
17.394112
17.466400
17.442278
17.392735
17.479683
17.424252
18.026114
16.248545
17.518856
17.507891
17.371777
16.349586
17.376873
17.440231
15.304249
16.240305
16.317419
16.059780
17.456707
16.300617
16.299217
16.104639
17.560184
17.392962
17.500561
16.188633
17.463371
16.112587
17.558756
17.484249
17.468052
17.480064
17.587894
16.209408
15.343756
16.260458
17.536110
17.392002
15.378344
15.302268
17.469273
17.708256
16.128731
16.241371
17.517208
17.145023
16.665392
17.536110
17.268345
16.031754
15.305266
16.177683
17.519415
15.399028
17.437134
16.192453
16.229748
17.641506
17.631865
17.555441
16.236418
16.137302
17.565031
17.305229
16.196899
17.530422
17.483540
16.149099
17.366613
16.306520
17.530539
17.511581
17.510319
15.331593
17.592031
17.352236
15.292622
15.339738
17.551588
17.578745
16.319714
16.688766
15.440742
16.559738
16.249229
15.321953
16.150602
16.196217
17.510567
16.483898
16.272623
17.361494
15.373033
16.142090
16.188688
16.158026
17.424141
16.242313
15.411427
17.492912
17.542444
17.353834
16.199213
17.352512
17.525692
16.188354
16.194656
17.651230
16.653730
16.279779
16.249578
16.219587
16.697697
15.408142
17.510601
15.283798
16.000130
17.353218
15.368973
17.354328
16.158928
16.230095
17.355152
17.634182
17.412300
17.416594
16.492174
16.238342
18.742855
17.619249
17.611368
16.231043
15.419100
17.600792
17.564699
16.260410
17.464418
17.396368
17.576401
16.209740
17.440231
16.205826
16.145163
16.086605
17.575008
16.216824
17.454227
17.365677
16.181404
16.249229
16.279097
16.816605
15.425663
17.485134
16.667606
15.380559
17.622227
17.590153
17.549055
17.391851
17.255625
17.504751
16.664507
12.889332
16.148418
17.410967
17.280140
17.375156
16.300617
17.602558
16.602236
16.237658
15.407907
15.294353
16.310791
17.615063
16.168535
16.261269
17.544039
16.653463
17.484695
15.407840
17.562279
16.310823
16.187290
16.237658
17.481997
16.096766
15.361889
16.227827
17.416370
17.519077
16.110031
15.335228
16.289385
16.226761
16.206261
17.466343
15.364477
16.177128
15.390103
16.116201
17.581394
16.230825
17.542938
16.308859
17.543489
16.287640
15.330812
15.376831
16.287802
17.320501
17.572197
17.649002
16.258045
16.300617
16.282888
15.409922
16.632069
18.444216
17.630817
17.575609
16.206043
15.427580
15.342739
16.291439
15.308089
16.256409
16.168203
16.351318
15.426514
17.457481
17.371689
16.642303
16.257824
16.156055
16.716032
16.247831
16.257256
16.117487
16.188572
16.207466
16.196434
16.228159
17.461994
17.599079
17.328726
15.418036
15.277555
16.397192
17.335728
16.630886
16.279779
16.310108
14.809896
17.509819
17.386396
16.227112
16.139620
16.159775
16.218554
17.485470
16.237991
16.200277
17.330578
17.580791
14.308111
16.119801
15.273954
16.269951
16.217270
16.704298
17.425184
17.596552
17.485020
15.361792
15.311425
15.970452
15.350647
17.309975
17.458637
16.147814
16.207676
15.398980
15.351568
17.558807
15.427580
17.433064
17.562986
17.448662
17.489986
17.337107
16.231043
18.423016
17.367214
16.159611
17.637989
17.564365
15.428360
16.238342
17.556490
16.248878
17.634026
17.578035
17.555889
17.560402
16.751814
15.312693
17.374676
16.448784
16.307461
16.178366
16.179430
17.609608
16.199432
17.548609
17.512081
16.148035
17.455877
15.408875
16.250481
17.395987
17.573406
16.328865
16.290783
16.642113
16.228395
15.369654
17.453735
17.514780
16.099066
17.519077
15.294022
15.388453
16.310108
16.187857
17.508446
15.389037
17.581608
16.641611
15.379190
17.310083
15.417702
16.221899
15.368973
15.368973
16.187510
17.653629
15.339355
17.547894
15.380559
17.407940
14.285006
16.280460
16.269268
15.314091
17.567347
15.426375
15.418751
17.605087
11.575689
17.489897
17.379538
17.431303
16.936485
17.309155
17.518475
15.378477
16.658451
15.397615
16.480984
15.313074
16.336155
16.985046
15.342056
16.638090
17.479683
17.581394
16.952343
14.964453
16.271349
15.427294
16.198864
17.559139
17.443369
16.658665
15.425896
17.635559
16.331179
17.466181
17.526018
16.799622
17.436045
15.389722
15.351568
15.322334
17.429707
16.228159
16.135906
17.425966
17.655611
16.156628
16.220268
17.571089
15.869959
16.258377
17.515114
16.190052
15.426514
15.380207
15.369654
15.321270
15.368973
17.634182
15.427912
17.705641
16.405714
16.257441
15.638893
16.280460
15.397615
15.378477
17.608944
15.322334
17.439514
15.350264
17.378517
16.149099
16.933620
14.557095
16.278147
17.609167
17.475990
16.496216
16.230129
17.591917
15.369654
15.312111
15.341390
17.516541
15.351568
16.217619
17.537920
15.418751
15.331829
15.417353
16.310425
17.599842
16.227331
16.349586
15.322334
14.759857
16.188190
16.098730
17.537590
15.312443
16.862364
15.370369
17.610323
17.533184
16.321684
16.290291
15.332180
15.371403
17.622341
16.269220
17.609991
17.623653
17.526680
17.604206
17.635559
17.323971
15.369654
16.330832
17.485250
16.157646
17.515163
15.319975
15.418419
15.351234
17.571423
16.645681
16.258377
18.299007
18.296528
15.399710
15.320938
16.228729
16.310791
16.168535
17.577209
15.370369
15.369986
17.551971
15.341723
17.566301
17.582645
17.618917
15.408875
15.390103
16.099464
16.290070
16.177795
16.671850
15.376831
16.358624
15.302853
17.678326
17.404688
15.945633
16.318302
16.310108
17.960602
17.140091
16.663269
15.350298
16.349031
16.814667
16.489334
16.216824
17.546848
15.331493
16.663157
15.379877
15.332180
17.526180
17.600126
15.409939
16.249229
15.362808
16.284771
16.185926
16.301298
17.494282
15.426514
16.207293
17.479914
17.504150
15.389037
16.137302
17.493729
15.369654
16.178032
17.364473
16.210991
17.534231
15.378477
15.304249
16.299551
16.249229
14.843837
15.428360
16.210659
15.426514
15.419100
15.305948
15.349585
17.492416
15.303185
17.622559
17.578255
15.351568
17.465137
17.397966
15.399263
15.332180
16.240305
16.257805
15.418751
15.360142
15.378229
15.418036
16.320618
15.275602
17.614727
17.496489
17.482708
16.250816
15.369654
15.352631
16.219254
17.578255
16.297247
17.418354
15.387053
15.398931
16.252214
15.351234
18.340605
17.532253
17.653629
16.657253
16.327957
16.290102
17.505970
16.175880
16.277130
16.036686
16.369701
17.275026
17.589050
17.615063
16.271162
17.368326
17.544367
17.334064
15.285149
17.622166
17.472519
15.398931
15.368973
16.155674
16.196098
15.321270
17.483425
16.604460
16.207439
15.324751
16.563801
16.700869
15.389037
16.187857
17.560184
16.257093
17.493668
16.217155
17.521992
17.507950
16.200499
17.507839
17.488613
15.267964
17.575230
17.298532
16.159279
17.272657
17.623985
16.186954
17.613680
15.381273
16.992565
16.310108
17.566299
15.010551
15.389371
15.390436
17.541780
17.637321
15.389037
17.273991
16.228729
16.248545
16.289005
16.279211
15.399263
15.399948
16.320953
15.382259
17.334496
15.461340
16.156961
14.926714
15.379190
15.397282
15.399263
17.298462
16.341724
15.426514
17.900078
17.529110
17.537819
15.359125
15.359125
15.340357
17.543320
17.453888
16.613270
17.170658
16.653351
16.217619
16.013762
16.274942
15.418751
17.528660
16.330832
15.399616
16.298532
15.417799
16.228045
16.526451
17.539465
18.440220
17.568062
16.221550
17.513515
15.331493
15.292955
17.526018
15.370369
17.546295
15.417799
15.418751
17.512135
15.389037
15.340990
15.339355
17.576494
16.282778
17.368326
15.391119
16.595760
17.552082
16.198753
16.282927
17.535608
15.350298
15.408522
15.391119
15.445051
16.256775
15.360491
17.066490
15.407840
15.388453
15.370369
17.540951
16.277813
17.524038
15.417353
14.824427
16.250816
16.251881
15.301207
15.428026
16.260311
15.361792
15.417353
17.663221
16.268667
16.635540
16.656919
14.518118
16.292816
16.177462
16.249504
17.269777
17.402592
15.368973
16.288704
16.256760
15.331163
17.342556
17.165035
17.635559
17.523645
15.417416
16.307810
16.257093
15.573810
17.329998
15.369986
15.388703
17.587179
15.378912
15.380207
15.435152
15.379190
15.368973
16.320618
15.389722
15.332510
15.295038
16.223635
16.262730
15.408875
17.427498
16.272623
15.401346
15.358744
16.291357
15.294022
17.545467
15.360491
16.279211
15.418036
16.359192
15.388703
15.371054
17.546181
17.572800
15.426514
16.281525
15.398680
16.256409
16.321335
15.410175
15.330812
17.587019
15.301203
15.359808
16.199432
16.281176
16.651716
16.174480
16.300846
15.363188
16.257093
15.348900
17.584368
17.565748
17.513180
16.278530
15.409206
16.267269
16.298532
15.186222
15.418036
16.297632
15.338264
15.417353
17.581942
15.427912
15.391119
15.410225
17.630486
15.417353
15.370037
15.390436
16.625473
15.399948
16.268553
17.603825
15.389536
17.522106
15.376228
16.268333
15.294022
15.277282
15.363156
17.264395
16.217270
18.343475
15.426514
15.369654
15.350982
16.211039
15.380223
15.407125
16.206261
15.320938
15.418367
15.388703
17.639912
15.388703
15.418036
15.417353
16.188688
15.426514
16.320618
15.418751
16.316036
16.168701
17.548609
15.843194
15.397728
16.378059
16.698078
15.331493
16.314445
16.290291
16.713257
16.169439
15.269656
15.369654
16.301680
15.426514
15.417353
16.281525
16.300282
16.309425
17.655725
15.408522
15.426514
15.418751
15.321270
15.436218
16.611038
16.218554
16.670019
16.232149
15.339479
15.341723
17.632200
17.417747
17.653961
16.229412
16.298532
15.382799
16.350985
15.350647
15.343088
15.353645
15.371634
15.339355
15.417685
16.269951
16.280460
15.379190
16.280460
17.621891
16.237324
16.258726
16.723463
16.730379
15.426514
16.260693
15.418036
15.408875
15.408522
17.991203
17.194191
16.364738
15.286213
15.389037
15.345034
17.349674
17.632755
16.604488
15.388453
15.371737
16.331512
15.401346
16.260311
15.304583
16.299950
16.267984
15.417685
16.248545
15.329845
15.382841
15.417353
15.417353
15.399596
16.437057
16.339754
15.427608
15.371299
15.362123
15.398680
15.387053
16.257441
17.598747
16.318350
16.106256
16.206612
15.397615
15.428642
17.539303
15.351234
15.417685
16.300282
15.311425
17.549494
17.653297
15.400282
15.435535
15.427580
15.407457
15.371737
15.353645
15.419785
16.555763
15.378578
15.399948
16.247814
16.359192
15.426514
16.680586
15.349585
15.408775
15.372015
15.427345
16.349586
16.108561
15.418036
15.417353
15.362474
15.409206
15.399028
15.331829
15.409555
16.319365
17.627016
15.418367
15.416401
15.381956
16.270285
15.428360
17.573515
15.417353
15.417353
15.370369
17.966999
17.611700
15.398680
15.371054
15.409206
15.370718
15.418751
15.324319
15.331493
16.210089
15.379877
15.333227
15.237148
17.231663
15.408875
15.427580
16.350651
15.397282
15.369654
17.599302
17.632421
16.299566
17.622606
16.319365
17.609991
17.501110
15.418036
15.426514
17.592140
15.380559
17.626299
17.666250
17.636278
17.561111
15.418036
15.426514
15.408522
16.250134
15.407125
15.391119
15.407808
16.291691
15.426514
17.641842
16.270636
15.417353
16.310791
16.350651
15.331493
15.408522
15.389722
15.417353
15.418036
15.390103
15.418036
15.418419
15.353313
17.569658
15.427294
15.380559
15.350550
15.389722
15.272891
15.418036
17.590651
15.464914
17.572464
17.684324
15.427580
16.207661
15.418036
16.194435
17.537973
15.407457
16.358843
15.371299
15.378811
15.418036
15.398296
15.397282
17.528444
17.673084
15.342739
16.216824
16.199432
15.388703
15.418751
15.408522
15.387053
17.004362
16.246981
17.623606
15.348900
15.417353
18.080772
16.298532
16.671862
15.376010
17.549435
15.417353
15.369654
16.239239
15.331493
15.359808
15.379877
15.387053
15.417353
15.399263
15.332891
16.169487
15.349585
15.359808
15.388703
15.398980
15.379190
15.387386
15.417070
17.627350
15.390436
15.362808
16.270967
15.379190
15.340659
15.352964
15.388703
15.445383
15.436125
16.117161
16.359192
17.163361
16.198864
15.426279
16.312759
17.632912
15.343073
15.418751
15.350882
15.359093
15.445765
15.380207
15.342056
15.378811
15.369654
15.418367
15.417353
15.370369
15.397615
15.361792
15.379190
15.427580
15.397282
16.339188
15.418036
15.418036
15.322668
15.331163
17.635893
17.558807
16.288704
16.301182
15.399948
15.426962
16.207329
16.270285
15.386364
15.380207
15.408522
15.389037
15.427912
15.426514
15.427294
15.419100
15.388703
15.311425
15.387053
16.149784
15.398296
15.418036
16.337440
15.361792
15.418036
15.352581
17.540733
16.278496
16.261377
15.389421
15.369654
17.533184
16.309092
15.408775
16.621994
15.418036
15.379877
17.257992
15.418036
16.288704
15.349585
16.289385
16.207788
15.682139
15.426514
15.426514
17.616108
16.341011
15.379877
16.331512
16.330832
16.261326
16.280792
15.408522
16.658951
15.389037
17.637987
15.426514
15.408775
16.240639
15.294022
16.369738
15.436218
15.397282
16.633612
16.657017
17.435530
15.359125
17.200815
15.340325
17.573128
15.427912
16.238674
17.626633
15.418036
15.426514
15.418036
15.324319
15.349585
16.177683
16.308710
16.368122
16.216934
16.247980
17.562494
15.427198
15.331493
16.259058
17.105452
16.542778
15.398931
15.379190
15.349917
15.407457
15.408522
15.428011
15.389139
16.310108
16.262043
16.300846
16.319031
17.615063
17.559912
16.271317
15.427580
17.570705
16.319868
15.435884
16.721369
15.389139
15.426514
15.392185
15.418419
15.312443
15.407840
15.324319
16.592457
15.285196
15.418036
15.426514
15.399014
15.397615
15.409206
15.418751
16.288372
17.333900
15.427580
15.400394
15.361792
16.208008
15.426514
15.418036
15.418751
15.321651
15.390786
16.226761
16.309542
15.427198
15.426514
15.352631
15.417685
15.427912
15.407808
16.265905
15.436218
15.379877
16.289770
15.362808
16.646231
15.426962
15.427580
15.379877
16.635447
15.330429
16.156961
15.419434
15.427580
15.379190
15.380207
16.529207
15.399263
15.417353
15.351234
15.418751
15.419100
15.409887
17.481331
15.419054
16.283260
15.349917
16.361160
15.426514
17.542713
15.418751
15.418751
16.647043
15.360142
14.949133
16.718891
15.387053
15.379877
15.371386
17.555775
15.418720
15.427912
15.389037
16.167854
17.586241
15.379877
15.427912
17.621891
16.261709
15.399948
15.331163
15.341723
15.408875
15.399948
16.248846
15.341341
15.407125
15.358410
17.510870
15.407840
15.369654
15.419100
15.418036
16.310791
16.350651
15.407457
15.339355
15.407125
15.398931
16.308029
15.427580
15.418751
15.426514
15.390436
16.949299
16.034193
15.418751
15.378229
15.368973
15.399948
17.332600
16.289038
15.379877
16.319252
15.353645
15.321270
15.417067
16.249912
17.456291
16.642830
15.409206
16.189283
15.379190
15.368973
15.418751
15.408522
17.649555
15.398646
15.436602
16.730442
16.228510
16.300282
15.408875
15.427294
15.401346
16.298532
16.306557
16.307236
15.351568
17.438248
16.215538
15.426514
16.288704
15.427912
15.407125
15.388453
16.260693
15.408775
15.388703
15.380559
16.331512
16.289961
15.390436
17.578751
15.427580
15.358744
15.427580
15.341390
16.299599
17.523720
15.368639
15.418419
17.551256
16.616978
15.400044
15.438814
16.340088
15.408541
18.026047
16.672594
15.349585
15.426514
15.390786
16.300962
16.302246
17.395214
18.407757
16.290672
15.381623
16.386999
15.427912
15.401012
16.307791
15.349585
15.417353
15.427294
15.390436
15.399948
15.294022
15.426514
15.371054
16.188025
16.556192
17.622272
15.341341
15.331829
17.653629
15.369654
15.428596
15.436506
15.389037
16.349586
15.418036
15.427580
15.369654
15.368973
16.030697
15.388703
15.418751
16.231728
15.407125
15.418751
15.427580
15.427677
15.418036
16.277370
15.428026
15.408775
15.418036
17.518475
16.612091
15.316169
15.324319
15.379877
15.407125
15.426514
15.398980
15.359808
15.341341
15.426514
18.105068
15.417799
15.408775
15.379877
15.408541
15.408775
15.294353
15.351568
17.620844
16.289385
15.426514
15.360825
17.600348
15.408258
15.398296
15.417685
15.418751
15.426514
15.389037
15.417353
15.418751
15.389037
15.361792
15.372015
16.280460
16.708584
16.330832
15.426514
15.417353
15.358744
15.418751
15.426514
15.418751
17.615395
15.408875
16.288704
15.426514
15.418751
15.329512
15.399263
15.368973
15.417685
15.444698
15.341341
15.378857
15.358410
15.426514
15.418419
15.428261
16.209974
16.254608
15.417685
15.416288
15.417353
15.427294
15.417353
16.250134
15.426514
15.418751
15.389037
15.398931
15.398980
15.417353
16.349586
16.238224
15.379190
15.330095
16.350651
15.418751
15.418751
15.418419
15.379190
15.416288
16.180061
17.663107
15.417353
15.348900
15.417353
15.417353
17.657326
15.407808
15.417353
15.389139
15.379190
15.408522
15.341723
15.426514
15.418751
15.418036
15.418751
16.247482
15.359808
15.427912
15.369986
15.399263
17.646797
15.340325
15.408522
15.427580
15.426514
15.321270
15.437521
16.322254
15.390786
15.426514
15.418036
15.390103
15.378811
15.426514
16.280460
15.416733
15.388803
15.427912
15.418036
15.410807
15.426514
15.418751
16.368673
15.417353
15.390103
15.390436
15.388703
18.898252
16.659283
15.379921
15.358410
15.368973
15.417353
16.350985
16.320286
17.409698
16.349586
16.339754
16.350269
15.358744
15.370037
15.376831
15.369654
15.368973
15.358410
15.359808
15.310713
15.418036
15.369986
15.322668
17.538065
15.368973
15.359808
15.331163
15.398931
15.368973
15.368973
15.368973
14.933103
15.378477
15.379190
15.379190
15.426514
15.427580
15.418036
15.418036
15.417353
15.426514
15.368639
15.368973
15.370037
15.368973
15.359808
15.359808
15.368973
15.368973
15.348900
15.359125
15.349585
15.397615
15.964346
15.407125
15.407840
15.417353
15.426514
16.439156
15.418751
15.417685
15.426514
15.427580
15.426514
15.417353
15.408775
15.426514
16.775860
15.418751
15.418419
15.427912
15.418036
15.418036
15.418751
15.408775
15.408775
15.417353
15.428596
15.408775
15.818909
16.701237
15.427912
17.410408
15.418751
15.418036
15.389722
15.362808
15.380207
15.380207
15.380207
15.426514
15.418036
15.437521
15.292622
15.321987
15.322668
15.418751
15.379877
15.398296
15.380758
15.379190
15.387053
15.408522
15.388703
15.388703
15.426514
15.427912
16.699888
15.418751
16.310108
15.426514
15.369654
18.411251
16.331512
15.399263
15.379877
15.418036
15.389037
18.124649
16.706659
15.387053
16.306902
17.537468
15.435884
15.436218
15.390786
17.311373
15.400629
15.418036
15.427912
15.408875
17.479832
16.288353
15.427580
15.407856
15.418036
15.418751
16.331512
16.080660
15.417353
15.370369
16.186607
15.426514
15.399263
15.391119
15.418751
15.359808
16.137280
15.370369
15.379877
15.427912
15.349585
15.426962
15.389722
15.398931
15.408775
15.343422
15.380207
15.387053
15.390406
15.417353
15.389037
16.280460
15.417685
15.410622
15.426514
16.672518
15.426514
15.378477
15.389037
15.427912
15.359093
15.417353
15.351664
15.407125
15.368639
15.427294
15.389037
15.426279
15.351568
15.380207
15.426514
15.427912
17.634516
15.427580
15.331163
15.426514
15.418751
15.418036
16.350985
15.379877
15.418036
15.418751
15.418751
15.426514
15.417685
15.417353
15.276616
15.417353
15.368639
15.407224
16.280460
15.417353
15.418036
15.418751
15.426514
15.390103
15.380207
15.417353
15.417353
16.280844
17.632755
15.388703
15.417353
16.340105
15.418036
15.361456
15.378229
15.368639
15.418419
15.416669
16.298532
16.350985
15.378229
15.427580
15.417353
15.418036
15.407808
15.417353
15.426514
15.427580
15.426514
15.390436
15.333908
15.417685
15.418036
15.370672
15.368973
15.418036
15.407125
15.426514
15.418036
15.408775
15.427580
15.359808
15.426514
15.427912
16.652641
15.417685
15.427912
15.379877
16.341393
15.426514
15.426514
15.418751
15.418036
16.281525
15.426514
15.437521
15.418751
15.388453
17.411486
15.388453
15.397282
16.209415
15.378477
15.408775
15.368973
15.389037
15.417353
15.417353
15.427580
15.417353
15.417353
15.418751
15.417353
15.418036
15.342739
15.379877
15.427912
15.418419
15.425896
16.267302
15.426962
15.408875
15.426514
15.368973
15.399948
15.419434
15.391119
15.417353
15.445051
15.312443
15.427912
15.391119
15.418751
15.428261
15.348900
15.418036
15.388703
15.378477
15.427580
15.408522
15.427294
15.427912
15.426514
16.729691
16.358843
16.339420
17.646620
16.341393
15.418036
15.397282
15.417353
15.426514
15.418751
17.579630
15.389037
16.507330
16.042379
17.638922
16.909229
16.330448
16.227448
15.342405
15.418751
15.417685
15.397282
15.407125
16.349586
15.418768
15.426962
15.399263
17.518141
15.379190
15.361792
15.427912
15.418419
15.418751
15.397282
15.417353
15.427912
15.341723
15.417353
15.389037
15.418419
16.129549
16.251198
15.418751
16.349936
15.417353
15.303185
15.285782
16.318302
15.418036
15.417353
15.417353
15.428261
15.418419
15.418751
15.417353
16.301863
16.339022
15.417353
15.407840
15.389037
15.379190
15.417353
15.407125
16.298532
16.307791
16.297966
16.297281
15.379190
16.269268
17.633247
16.280548
15.379879
16.454136
15.379877
16.690300
17.596165
17.255381
15.339738
15.370369
15.379190
16.279779
17.347904
16.251198
16.298866
15.418036
15.418751
15.418036
16.300617
15.418751
15.379190
15.427580
15.349585
16.299599
16.269951
15.437521
15.369654
15.427580
15.417353
15.418036
15.369654
15.379877
15.379190
15.418036
15.371054
15.321953
15.418751
15.426514
15.408875
16.330498
16.350985
15.417353
15.427580
15.417353
15.418036
15.398931
15.418036
15.418751
16.340660
15.418036
15.388703
15.330095
15.418036
16.299217
15.350882
15.351568
15.425083
15.305599
15.408522
16.268885
15.426514
15.349585
15.418751
15.427912
15.426962
15.369654
15.418751
15.418036
17.634516
15.427912
15.368639
15.418036
15.409492
15.428261
15.426279
15.400282
15.426514
15.397728
15.417353
15.426514
15.399263
15.391119
15.427294
15.387053
15.379877
15.379877
15.368973
15.426514
15.390786
15.389037
15.359808
15.339355
15.418036
15.418751
15.354761
15.320253
15.379877
15.427912
15.427912
15.426962
15.427580
16.350269
15.428360
16.238224
16.331512
15.426514
15.427912
16.266237
16.267635
16.247482
16.207329
15.408775
15.417353
16.269951
16.218220
16.327101
15.426962
15.389389
15.409206
16.663372
15.372015
15.417353
15.389037
15.390103
15.339355
15.340659
15.419100
15.407840
15.361792
15.362123
15.427912
17.610323
15.359808
15.358744
17.658754
17.653961
16.330114
15.417353
15.408875
15.416288
15.418419
15.387053
16.260693
15.418036
15.389722
15.417685
16.289961
15.417353
15.427677
16.331896
15.368973
15.387053
15.418751
15.418036
15.389037
15.418036
15.390436
15.399948
16.300962
15.427580
15.359808
15.416733
15.379877
15.426514
16.207329
15.379877
16.289385
15.380559
15.408875
16.318001
18.154078
15.358410
15.409206
15.358744
15.399948
17.453756
15.417353
15.389037
15.417353
15.416288
15.379190
15.352631
15.426514
15.368973
17.569326
15.398646
15.418036
16.306889
15.362320
15.361792
15.352631
15.434820
15.446447
16.358843
15.387053
16.197166
15.418036
15.418751
15.393249
15.417685
15.426514
15.417353
15.387053
15.417685
15.379877
15.378477
15.407840
18.056915
16.935913
15.417353
15.370770
15.372061
16.626419
15.389037
15.379877
15.389037
15.387053
15.389037
15.418751
16.341724
16.307461
16.692047
16.665331
15.427912
15.408775
15.417353
16.279779
15.417353
15.332891
15.418419
15.293808
17.664536
15.368973
15.378811
15.417353
15.426279
15.427580
15.379190
15.418751
15.381273
15.398296
15.418751
16.683584
15.426514
15.427912
15.417353
15.426514
16.340088
16.289038
16.331512
15.230833
15.417353
15.427912
15.408775
15.331493
16.238724
15.426514
15.359808
15.408875
15.369654
16.020227
15.368973
16.339754
15.426514
16.349918
16.239239
15.360142
16.288704
16.262091
15.426514
16.251198
16.748039
15.350882
16.704994
15.418036
15.369654
15.428694
15.379877
15.379190
15.426514
15.418131
15.419100
15.391119
15.402507
15.331163
15.417353
15.418419
15.378811
15.418036
15.417353
15.361792
16.676586
15.309410
16.279446
16.298532
16.321684
15.408875
15.418751
15.418419
15.379190
15.398296
17.474728
15.379877
15.379877
15.380207
15.426514
15.418751
15.418751
15.417353
15.417353
15.419434
15.418720
15.398680
15.399263
15.427580
15.417353
15.370037
15.417353
15.417353
15.383801
17.627350
15.426514
15.408775
15.359125
15.426514
15.331163
16.720375
15.418036
15.388703
15.407840
16.291357
15.342405
15.418751
15.331493
15.391119
15.369654
16.349586
17.469078
16.663929
15.390786
15.379877
16.340771
15.418036
15.418036
15.368973
15.399948
15.417353
15.417353
15.417353
15.426514
15.426514
16.691011
17.416739
17.956913
15.427580
15.389037
15.418419
16.665066
17.658371
17.653629
15.427580
15.368973
16.523422
15.426514
16.229412
17.999054
15.408875
15.427912
15.407840
15.378477
15.407125
15.418751
16.268505
15.427580
15.400629
15.418367
15.399948
15.417353
15.418036
15.380559
15.427912
15.427912
15.417353
16.667772
15.418751
15.398931
15.359808
15.388703
16.320316
15.417353
15.417353
15.427580
15.369654
15.379877
16.330832
16.330498
15.332561
15.426514
15.349585
15.417353
15.418751
15.418751
15.417353
15.426514
15.418036
15.371054
15.398646
15.418036
15.418751
15.426514
15.418419
15.332180
17.413660
15.417685
18.920332
15.389722
16.693058
15.372083
15.427677
15.389037
18.116724
15.426514
15.417353
15.426514
15.418751
15.417353
15.426514
15.301203
15.406210
14.586737
17.304680
16.250481
16.239590
17.320438
15.284492
16.297470
16.238905
17.398174
15.390103
15.417353
15.390103
15.387053
15.407840
15.376831
15.344435
16.359528
15.408775
15.426962
17.579298
17.608719
17.674797
15.379190
15.399263
15.370369
17.558802
16.709642
16.350651
15.418751
15.351568
15.372015
15.417702
17.613680
15.419434
15.427929
15.418751
16.350985
17.665316
15.378811
15.417353
15.359808
15.417353
15.418036
15.389037
15.427294
15.426514
15.418751
15.427580
15.381273
15.417685
16.309761
15.341723
16.349016
17.650272
15.311092
16.290672
15.368973
15.379877
16.288704
15.426514
15.426514
16.261709
17.312748
16.941629
17.345627
15.398931
15.418751
15.427912
15.418419
16.263107
15.398680
15.427912
15.349585
15.418036
15.417685
15.418751
15.426514
15.417353
15.418036
16.269951
16.318350
15.417353
15.416288
15.408775
15.359808
15.388703
15.378477
15.426962
15.418751
15.329845
15.378477
15.370037
15.407808
15.418751
15.408775
15.407457
15.426514
16.288719
15.381273
15.427198
16.672676
16.299217
15.099033
11.908580
12.624636
