8
1 500 1000 200 42 777 13 99
-11.666045
-4.591398
1.838925
-11.829905
-11.934273
-11.733294
-11.498938
-11.770041
-11.740686
-11.639959
-11.681780
-11.888311
-11.677114
-11.842564
-11.632494
-11.617734
-11.798384
-11.673058
-11.668430
-11.511589
-11.784147
-4.909684
-8.911322
-9.777491
-10.651947
-3.699493
-6.355065
-11.724507
-11.667629
-11.631655
-11.711876
-11.937591
-11.815940
-11.631903
-11.662470
-11.697862
1.200387
1.659739
0.043649
1.280617
0.815904
0.595918
2.539811
3.393139
1.737190
1.588769
1.180454
2.421809
4.339552
3.454660
1.834221
0.086641
1.751354
1.686563
1.751788
0.279698
0.336568
-1.900975
-1.348614
-1.937965
-2.818126
3.600067
3.082411
0.220385
3.190318
3.027830
1.724777
1.471294
0.958056
2.161067
3.196683
1.231364
0.421942
0.541705
1.764999
0.968680
1.224844
2.128599
2.193353
2.518425
2.453975
2.263603
0.354045
2.645954
0.858471
0.642804
2.236001
2.278739
0.493413
0.645461
0.521665
0.661645
-0.109691
-0.524528
0.387492
0.874188
1.383956
-1.101406
3.456929
-0.266500
2.290606
2.511883
2.619469
1.849415
2.483762
1.638337
2.298524
2.543993
-0.366117
1.473418
1.154528
1.679013
1.649951
0.550604
1.377392
2.938648
0.460009
0.567454
3.433985
2.498564
0.314563
1.411901
1.092402
1.690865
0.694821
1.410689
2.654121
-0.031094
-0.106268
1.778676
-3.005573
-5.751652
-4.765849
-2.027961
-3.590686
-2.831444
-3.988159
-3.405171
-3.342692
-1.131178
-5.333531
-4.821537
-2.197271
-2.703444
-2.974527
-2.710325
-3.307387
-3.299317
-4.138143
-2.987765
-2.156415
-3.684319
-2.508371
-2.195184
-4.091748
-1.883167
-4.283599
-5.029311
-3.516463
-3.411679
-11.911713
-11.570585
-0.351075
1.045939
0.232102
-0.778595
-3.887024
-4.149680
-4.445207
-2.131510
-3.810964
-2.884506
-3.435585
-11.268073
1.937041
-0.412365
-0.423623
-0.493119
-6.457489
-8.019528
-12.106272
-9.087075
-10.621703
0.298771
0.168616
-0.463291
-4.923409
-3.697484
-11.371071
-11.930145
-11.587718
-11.318244
-0.065829
0.758348
1.117691
-0.593634
-5.638688
1.060585
1.428319
0.560858
0.035315
0.779265
0.438672
2.188029
0.988192
-0.651069
-10.280762
1.481026
-1.705945
-11.737677
-11.563150
-11.582191
-11.464336
-11.739855
-11.653042
-11.663166
-11.624935
-11.850804
-11.454542
-11.585220
-11.868158
-11.895149
-11.677899
-11.588621
-11.768027
-11.644552
-10.676731
-11.894916
-11.765030
-10.787693
-10.811408
-10.988579
-8.927185
-1.583347
4.406686
-11.481615
-10.643900
-1.883790
-11.410661
-11.831926
-11.654772
-11.724506
-11.676089
-11.703088
-12.343790
-11.725847
-11.638286
-11.068284
-11.937909
-11.568508
-11.791887
-11.779808
-11.461044
-11.815881
-11.544046
-11.549971
5.093104
-11.580954
-3.746933
-5.201228
-4.876663
-3.578800
-6.892609
-5.983450
-4.959301
-5.116333
-5.847976
-6.542782
-3.712406
-2.284819
-4.392947
-4.278959
-5.623827
-2.768004
-3.577108
-3.399886
-5.495465
-3.833818
-5.670593
-2.704806
-6.931231
-2.707685
-5.074919
-3.224318
-4.647990
-6.399535
-5.036824
-6.098511
-6.076795
-3.744345
-4.643418
-6.601918
2.208834
0.797122
4.410889
-1.217657
4.534597
1.371082
0.268974
-0.125601
0.270210
2.057321
3.496694
-1.631418
0.799625
-0.601955
1.825871
-1.562283
-0.856156
-0.855716
0.412759
1.351941
-0.766076
-1.376314
-1.235438
-0.649927
1.008936
0.509190
0.714944
-1.757249
1.550043
-0.827415
-0.704324
-0.911812
-0.172259
-0.073731
-1.022937
0.593077
-1.581320
1.763803
-2.667094
1.854725
0.244739
1.635278
6.159914
2.148406
1.756820
4.744870
0.466878
-1.578946
-1.259285
0.225698
-0.833975
-0.988758
1.813831
4.610029
0.152493
-1.349093
-1.507911
2.508802
-0.586118
0.532099
0.510350
0.743860
-0.274005
-6.224831
-0.862268
5.376066
0.732280
-4.269065
2.398245
0.726792
-1.297050
1.471240
0.418864
-0.139488
-0.535006
-0.082410
-0.213900
3.104164
-0.015583
-1.482232
0.197391
-0.089464
2.050659
-0.232173
1.297386
-0.527602
-1.695556
0.111485
-3.363899
-0.629397
-0.847296
-1.668448
-3.145900
0.038467
-3.438466
-0.859488
2.768805
0.797125
1.944099
-1.233420
1.898623
-0.619120
3.046214
1.796490
-11.277738
0.386315
2.196239
0.340712
-1.062357
-0.688299
-0.521738
-1.019205
-0.264149
-0.662149
0.587835
-1.806408
-2.313742
1.016428
3.316825
-1.311538
-2.861160
-0.739212
-2.608519
-0.875967
-2.846609
0.389831
2.289866
0.981737
1.389097
-0.778742
-0.506551
-1.036422
0.134465
-0.441419
0.187195
-1.797249
-2.427191
0.561664
-3.102377
-0.150796
1.038694
0.235600
-2.549238
-0.847592
0.027047
1.679441
0.409657
0.857077
-1.968391
1.077567
-1.227981
0.692354
-0.582531
-1.011168
1.320629
0.960797
0.397801
-1.129140
1.231305
-3.145068
-1.955001
-3.368145
1.847188
-0.266136
-4.268775
0.976545
-0.708637
4.932126
1.818926
1.831996
2.482440
2.713236
3.998582
-1.846884
-0.436324
-0.182198
-1.834802
-1.761251
-3.131951
-1.173492
-2.281286
-1.014271
-1.729629
0.732063
-0.123205
-0.145723
0.422488
-1.262220
-1.911946
-0.227734
-2.119478
-0.755342
-0.013964
-0.349787
-3.649052
-2.869085
-0.886569
-2.982374
-1.588720
1.748889
1.318269
-1.812747
0.511044
1.317712
0.135653
0.725574
-1.507208
-3.427372
-2.382665
-0.450956
-1.693783
-0.580322
3.036672
-1.695089
-1.409849
-1.614676
1.967478
3.056543
-4.462103
-1.102080
0.008688
2.325711
-1.580269
0.710746
-2.193765
1.507111
-1.915248
-1.383369
-1.018385
-0.010964
1.351577
-0.336709
-1.878950
-2.407142
-3.247923
0.600727
-0.827096
0.800795
0.492328
0.399836
-1.475877
-0.954082
-0.422738
1.338160
-0.366528
0.636971
-1.986400
-0.141684
0.784297
0.808121
-0.343611
2.119890
0.117805
0.831118
-0.941904
-2.152101
1.783666
-1.507014
-0.142795
-2.776451
0.505023
1.523468
1.356304
4.495258
-0.055394
-1.406219
0.292731
0.677438
1.594900
-1.611688
0.573195
-1.592156
0.250354
0.555996
-2.004135
-3.011723
-2.359830
-0.667915
-2.092543
-0.754790
-1.522628
1.017043
1.540535
-3.189179
0.707940
-2.951143
4.931205
-1.509226
-1.331164
0.763909
-2.085333
1.624269
-1.482999
-2.663210
-4.523473
0.310865
-0.792715
-0.431654
2.623693
-1.729465
-0.536696
0.750731
-3.814112
0.729185
-2.658055
-1.333294
-2.728205
-1.070650
1.134955
-0.805585
-3.861316
1.122649
0.669228
-3.484363
0.668046
-3.473865
-2.451194
-2.855095
-1.570282
-0.850433
-2.845902
-2.938781
-0.311238
-0.176288
-1.932416
-0.961475
0.850490
1.013133
-1.680087
-0.807921
0.581930
1.547009
-0.751077
-0.222256
2.005399
-2.138251
-1.848193
0.591706
1.169096
0.572479
-1.960872
-1.256574
-3.321201
-1.011775
-0.117437
1.241393
-2.347842
-0.798428
1.067591
-0.078124
-1.979557
-1.234539
-0.966426
-0.811830
-1.914208
-1.196312
-0.765505
-0.349946
-0.970334
-0.004834
0.767431
2.613477
-3.165413
-2.992000
0.259532
1.030910
1.616127
-1.124540
-1.826083
-0.207339
-3.107169
3.381299
0.511424
1.462105
0.494500
-2.653072
-2.230925
-2.829060
-1.956510
-3.097704
-5.197417
-1.680336
-5.692369
-3.009130
-1.848596
1.635776
1.164877
-0.688136
-2.899226
1.008873
-1.269930
2.678605
0.891811
-3.148920
-1.938652
1.585266
-2.793960
-0.172158
-1.040833
1.235098
-2.333027
-0.449823
-0.417859
-0.225238
1.238233
-1.129929
0.018755
0.102237
1.171994
2.060935
2.882411
-1.190360
0.260841
-3.234760
1.054650
-1.537155
-6.053690
-3.003922
-1.479278
1.015545
-1.767181
0.639250
-2.355872
-5.798841
-1.636468
-1.232667
-4.570725
0.990749
3.497225
-0.930499
-1.080356
-0.966756
-1.053818
-1.210489
-0.143158
2.080923
-1.288902
-12.383105
-0.380852
0.248986
-0.366176
1.782158
-0.663410
0.990862
-1.620582
-0.222990
-0.200742
-0.893096
-3.805836
-1.761734
0.412291
-0.534435
-3.864303
-1.677148
-0.187444
-1.533461
-2.929761
-1.103858
0.045341
-0.151849
2.321330
-1.686272
-1.193044
-2.407350
-1.318317
-0.649557
-1.203218
0.636468
0.551639
2.243208
0.002443
0.593805
-0.793710
-1.691317
-3.444204
-3.677704
-0.660114
-0.374646
-2.360492
-1.709634
0.210110
-0.271427
-6.005076
2.332285
2.465989
0.765779
1.931604
-1.493044
-2.603466
-1.526016
1.673208
-1.802231
1.647669
0.343744
-0.497247
0.393509
-1.034991
0.149128
-3.862267
-1.796089
-1.165298
-0.288767
-1.403454
-1.770875
-2.934178
2.628174
-2.644137
-1.655488
-1.016304
-3.534945
-1.821600
-2.307023
-2.019871
-3.519609
-1.959450
-0.553553
-2.209782
-2.599924
-2.664492
-1.841321
-2.585733
-2.077064
-2.355737
0.214258
0.314073
0.401758
-1.138372
-0.779006
-1.831108
-3.871536
-1.605842
-3.366211
-2.473820
0.167072
-2.058683
0.033728
0.636291
2.019187
0.019975
-1.823074
1.000552
-0.256597
-0.440564
-3.012136
-1.586225
-0.147136
-0.929848
-0.383811
-2.368456
-2.886223
0.927282
-2.650026
-2.873743
-2.260778
0.215894
-0.860075
-1.248101
-0.016674
-0.031289
0.041208
1.689739
-0.502521
-3.721823
-0.246827
-1.514050
0.239257
-2.193336
-0.279643
0.102920
-0.558224
-1.294356
0.500211
-2.440285
-1.108341
-2.682558
-1.168802
-0.860619
1.408139
-1.987255
-4.823495
1.728711
-0.093155
-0.652415
1.850060
-0.316511
0.581494
-0.025928
0.510294
0.184255
-0.571107
-1.466855
-3.191221
-4.320168
-2.667080
-0.978833
-1.460566
0.444306
2.577778
-1.157838
-4.969899
-1.050989
-0.720376
-1.206770
-1.832389
-1.885568
0.436797
-0.591067
-2.301865
-2.459439
0.395639
-1.128089
-0.102844
4.558095
-1.496202
-2.538090
-1.036108
-2.101944
0.570826
-3.782354
-1.007452
-4.406897
-0.980194
0.880451
-3.243567
-0.529734
-2.873940
-2.765532
0.514066
-2.517833
-3.098448
-0.248764
-1.250164
0.469752
-2.062986
-2.816106
-0.631414
-0.504163
-0.926938
0.257150
-2.047643
-3.776329
0.261888
-1.903973
-0.021769
-1.706768
0.430342
0.434173
-0.291111
-1.349230
-0.405864
-1.247680
1.683967
-0.535136
-0.270890
-2.863769
-3.448790
-2.213867
-1.839533
-0.644346
0.778542
0.698338
-0.385571
-2.949312
-2.977816
-0.402481
-0.489269
-2.062989
-1.135569
0.765969
-1.512881
-1.348453
-0.439882
-1.585437
-0.494903
-1.196047
1.752224
2.928071
0.438873
0.444315
-1.692826
-0.692130
0.098806
-2.654654
-2.624847
-2.060201
-2.041868
0.348198
0.543087
-5.936012
-5.314664
-0.077171
0.844116
2.655363
-4.030415
-1.006153
-1.661575
-1.973437
-1.427242
1.591597
-1.220290
2.089954
-1.261210
0.375008
-1.127474
-1.618190
-1.614061
-3.261160
-2.041194
-0.773574
2.968154
-1.037160
-2.466544
-0.760144
-3.755026
-3.967678
-2.116762
-0.612570
-5.451881
-2.447112
-2.219187
-0.344089
-2.106772
-0.708743
-2.301692
-1.410239
-1.509954
-0.406149
0.242762
-2.004885
-1.054493
-2.472702
1.295902
-2.344723
-0.396525
0.824205
-2.074368
-1.067750
-2.519493
-4.184600
-0.615564
-1.726088
-4.621520
-1.268860
-1.985448
-2.799636
-0.714473
-2.270977
-2.102466
-3.166928
-0.070122
2.077139
-2.815714
0.252503
0.111550
-4.071326
-1.565801
-3.310106
-3.325301
-1.775755
-4.703595
-4.915658
-1.011155
-2.279262
1.362130
-2.750775
-0.039590
-0.852343
-0.934653
-1.705781
-0.529636
-0.256989
-9.764463
3.566785
1.565893
0.497537
1.996291
-2.212538
-2.998165
-3.050748
-3.578590
-3.093058
-0.021941
-0.607596
-0.607663
-3.989195
0.797630
-2.287391
-5.748029
-0.817036
-2.784790
-1.862715
-0.121213
-4.827363
-0.917437
1.606541
-0.069725
-0.595466
-2.087336
3.687224
-1.362390
0.160093
0.402281
0.951845
-4.632771
-4.476159
-0.519189
-1.434843
-6.897187
-0.906401
-3.472032
-1.288597
-1.547183
-1.006576
-0.582620
1.252487
1.521227
-4.358692
-0.501890
1.603361
-1.244377
-2.350863
-1.819562
-3.048227
-2.678613
1.305806
2.809238
-2.192434
-2.316658
-1.056220
-4.448240
-2.129664
-3.201703
-0.839204
1.025504
-0.706150
-2.665561
0.048345
1.077622
-0.217986
-2.856003
-2.244914
-0.629095
-0.028966
2.590726
-1.468275
-3.790996
0.241303
-3.424323
-1.852217
-2.773525
-0.068286
-2.027043
-1.143472
-1.214274
-1.978576
0.396456
-1.669647
-2.319124
-6.219500
0.387657
-3.791822
0.238899
-3.094752
-2.944287
-1.092535
-4.094773
-0.526231
0.015507
0.213453
2.166236
-3.885064
1.395438
-4.734653
-2.931465
-2.774940
-0.476091
-0.002805
2.043368
-0.351919
-1.974531
-1.046490
-1.525522
-3.200463
-1.589522
-2.724433
-3.549764
-1.284430
-1.789804
-3.039691
-1.135708
-2.014356
-2.862367
-0.227498
-1.272429
-2.232961
-2.952897
-0.390754
-1.627755
-3.789091
-2.075414
-1.295159
-0.272250
0.021035
-1.423205
-2.278935
-2.708052
0.432569
-3.042471
-0.767460
-1.107770
0.661404
1.601135
-2.025210
-0.006342
-1.124550
-5.700405
-0.504953
-2.739923
-0.143796
-0.571652
-1.601383
0.536161
1.177478
-3.854252
-3.148393
-0.835988
-0.350710
-1.154925
-2.146692
-0.486542
-3.288533
-1.307282
0.581179
-1.549397
-0.181590
-3.074525
0.198755
-2.396976
-0.857011
0.786088
-0.066124
-1.657534
-2.125181
1.886613
-0.579166
-3.033114
-0.374560
-0.701823
-2.699556
-1.273303
-3.993695
-0.472206
-1.842808
2.832250
-2.216555
-1.071309
-1.681804
-4.421319
-1.004305
-3.040132
-1.678874
-1.630520
-1.890365
-2.058455
-3.060720
1.435687
-1.684912
-3.390989
0.450250
-3.853730
-4.495048
-3.119649
-1.755801
0.591545
-0.835205
-1.808027
-1.665155
0.116703
-2.581787
-0.979490
-1.407582
-0.447399
-4.443666
-2.772486
-0.269108
0.654140
-2.596207
0.030411
-2.628805
-3.608255
2.632990
-3.511248
-1.725094
-3.469764
-1.477249
-1.504018
-1.304602
-1.371572
-0.434556
-1.931578
-0.956471
-0.582684
-0.224445
-2.111168
-0.125694
-2.858305
-3.307145
-2.500851
-2.224432
-1.950253
-0.130643
-0.747268
-3.104569
-4.066448
0.172788
-0.286860
-0.909545
-0.985880
-0.748332
-0.598135
1.152733
-2.801090
-2.680358
-1.104157
-2.745791
0.277713
-1.126670
0.404370
-0.215935
-1.170558
-3.988314
-3.877325
1.443188
-0.209837
-3.752564
-1.520810
-1.308270
-0.864546
-1.728609
1.148179
-2.544573
-2.788411
-2.137243
-2.529537
0.390014
0.438759
-0.802207
-1.454287
-2.154360
-0.825771
-3.851970
-2.375008
1.791678
-0.047968
0.705667
-2.247724
-2.816344
-0.427664
-0.051302
-2.111993
-3.970273
-1.154916
-1.249529
-2.391032
-1.003673
-0.917774
-0.153758
-4.151175
-0.835772
2.969342
-0.969047
-0.803069
2.445086
-0.485261
-2.970450
-2.279296
-0.152837
-0.628284
0.006068
0.458788
-1.552400
-3.710202
-2.293734
-1.066450
-1.601768
-2.603785
-2.465577
-0.961370
-0.686470
0.112223
-1.341056
-1.613188
-0.998747
0.475374
-0.678155
-3.594366
-0.160011
-3.426650
-1.178447
-1.688064
-3.437438
-4.837770
-1.561558
-1.746706
-1.586833
-3.565216
-3.430915
-1.098354
-0.193470
-3.478725
-0.437950
0.216475
-0.029832
-1.555201
-1.265776
-2.045470
-2.211224
-2.892668
-4.506164
-0.702940
-0.418490
-1.889407
-3.420476
-3.646443
-1.521041
-2.428184
-3.296911
-2.812884
-1.219986
-3.312058
-2.098660
1.156299
-0.102741
-3.267576
-1.434358
-1.279662
-4.388996
0.275270
-1.852947
-5.325983
-3.997415
-4.704678
-2.872500
-4.238838
-0.009987
-3.125137
-3.517400
-0.291397
-4.824193
1.440903
-1.450171
1.161051
-4.480030
-3.297746
0.348425
1.258247
-1.842743
-0.707547
-1.020439
-2.464174
-1.960699
-1.428586
-1.620045
-1.603131
-2.108825
-0.583959
0.300146
-1.210214
-1.807990
1.355444
0.084110
-0.475693
-1.553382
-7.998304
-0.688424
-3.476734
-2.426661
-1.978940
-2.423338
-0.598171
0.714407
-1.645839
0.515458
-0.791422
-2.612555
-1.750528
-0.817998
-2.337905
-2.019762
-2.672643
-1.231305
-0.898376
-0.315245
-3.361904
-1.041065
-0.949121
-1.190719
-1.155352
-3.928588
-0.725577
-1.461185
-4.555451
0.048521
-1.215518
-3.675250
0.117324
-0.907650
-5.388304
-4.818983
-3.378126
-1.593775
-2.778823
-2.533282
-2.738220
-0.259113
2.683205
-2.731175
-0.538275
0.823180
-3.020953
-3.958416
-0.615432
-0.854291
-2.149099
1.382459
1.069223
-2.827835
-2.545839
-0.943469
-2.269304
-1.508805
-2.980172
-2.293140
-1.447990
-3.288410
0.042423
-2.353561
-4.032293
-0.454596
-4.766112
-0.678553
-0.789925
-1.280342
-1.260845
-0.845009
2.445158
-3.493813
-2.758458
-3.334002
0.924065
-7.475285
-3.598056
0.326269
-0.558830
-1.798083
-0.889040
-1.486548
-0.387245
-1.594438
-1.142677
-1.960116
-1.240409
-1.594107
-0.915802
-0.671617
-2.957810
-1.605930
-1.564970
-1.323329
-4.987468
-2.244623
-3.591376
-1.570903
-1.501574
-0.901131
-5.669983
-1.786666
-3.987147
-1.108656
1.791836
-1.515786
-0.047188
1.282443
-0.713657
-1.753846
-4.830840
-2.748418
0.981017
-0.658365
-2.120789
-0.294061
-1.561912
0.421224
-4.603551
0.094424
-2.234393
-1.800921
-2.223365
-4.959086
-2.055349
-5.219427
-1.098665
-0.492833
2.144497
-2.901708
0.352390
-1.813830
1.179861
-1.129573
-0.493898
-0.833999
-1.881327
-1.859262
-1.603545
-3.766801
-2.134871
-4.841561
-1.042360
-3.947417
-1.452672
-2.221847
-1.858325
-1.096826
-2.571732
-0.781737
-2.824299
-0.079804
-1.155993
-1.972991
-3.723658
-2.971196
-2.481647
-1.724353
-3.412767
-1.263521
0.837944
-2.166855
-1.326136
-1.477294
-2.431771
-3.151543
0.646528
-3.129344
-3.402754
-2.413591
-2.345667
-2.168536
-2.260591
-2.372067
-2.392870
1.188201
0.137639
-3.914100
-2.483889
-0.602224
-0.704005
3.473671
-2.170476
-1.643367
-3.429771
-8.898373
-2.795697
-1.201407
-2.677550
-0.881607
-3.450687
1.235687
-1.508804
-1.314840
-2.072215
-2.134131
0.264218
-8.961958
-0.824452
-3.192896
-0.522098
0.172976
-1.762758
-7.804425
0.993535
-2.312646
0.493935
-0.051540
-1.853566
-1.491082
1.241859
-1.005425
-0.530739
-0.855630
0.168521
-0.905831
-2.221850
-0.911027
0.371314
-0.196330
-1.117971
-1.799462
-2.232027
-1.635018
-1.411227
-0.626480
0.137033
0.279893
-1.167138
-2.956785
-2.589566
-1.623215
-3.611207
1.281152
-3.264903
-1.224142
-2.747721
-6.005617
-2.743006
-0.919784
-4.353370
-1.980374
-0.034394
-2.590905
-1.354815
0.049572
-2.342787
-0.421496
-0.381180
-2.830559
-2.569726
-1.439247
-1.215169
-1.908089
0.413717
-0.919153
0.217323
-1.798303
-0.992260
-2.233366
-4.358317
-0.598291
-0.877291
-3.596770
-1.425272
-5.520034
-1.673031
-0.216594
-3.185232
-6.128914
-3.230184
0.885635
0.631045
0.107213
-2.498434
0.023966
-3.850581
-0.940954
-2.546484
-1.083720
0.298785
1.131114
-2.035151
-3.483726
-0.385397
-2.769882
-3.796910
-2.650593
-3.507476
-1.459139
-2.287507
-1.485300
-1.255981
-0.870565
-4.081495
1.094575
0.738652
-0.716092
-1.825053
-3.960202
-1.940456
-1.710292
-3.669377
-0.758304
-2.400733
-1.044979
-3.540862
-3.458608
-1.658900
-0.807609
-0.236345
-2.807429
-0.450495
-1.817530
-2.427748
-2.527337
3.111262
0.736350
0.429915
0.279081
-2.819970
-1.150784
2.023380
-1.422653
0.776142
1.246373
-1.196342
-3.858974
-3.227884
-2.618132
-1.245286
-2.331881
-3.270088
-0.905929
0.298319
-2.320755
-1.397309
0.183177
-3.044452
-1.108517
-3.485332
-4.719986
-2.361048
-3.630698
-0.470254
-0.928435
-2.693967
-1.082102
-0.082537
-0.640682
0.622801
-3.043252
-4.853724
-1.259665
-1.967512
-1.845499
-3.862297
-2.958749
2.866691
-2.372014
-1.526503
-3.426360
-1.295562
-1.894036
-3.114343
0.417024
-1.609939
-2.585262
-0.827360
-4.312974
0.071552
-1.825196
-3.119266
-0.741330
1.941684
-2.246225
0.635793
-3.871629
-0.020958
-3.445310
-1.260503
-0.939292
0.706268
-1.480353
-1.464110
-1.390639
-0.664786
-3.040741
-3.831749
1.241473
-0.235995
0.077687
-7.641104
-2.252159
-5.234079
-0.908941
-1.413418
-0.361602
-0.837289
-1.814827
-4.581073
-2.529608
-2.034814
1.278653
-2.329935
-4.270847
0.338980
-1.841652
-1.676477
-1.561438
-2.339329
-2.602078
-4.117936
-1.460470
-1.429132
-2.014968
-4.092141
1.175355
-3.619359
-3.188200
0.862115
-0.390621
-3.692331
-1.968374
-4.677050
2.739878
-3.126796
-1.475257
-2.324700
0.578984
-1.873953
-2.090316
-3.355121
-0.633631
-1.223086
-1.304688
-3.046774
0.462922
-3.517178
1.808516
-1.982229
-2.969312
-1.305375
-5.081508
-3.070244
-2.403427
0.365195
-2.836078
-3.884008
-0.794037
-4.809389
-4.554648
-4.989836
-2.885421
-0.323170
-5.194122
-0.727600
-2.597912
0.853741
-0.844978
-2.699117
-3.719674
-0.175398
-3.023781
1.648342
-4.587534
-2.765356
-1.580760
-0.252003
-1.438955
-1.372549
-2.560190
-3.600866
-2.453214
-2.102303
-1.978363
-3.098640
-2.059930
-1.296719
-1.634032
-1.437299
-2.503382
-4.207792
-3.403409
-2.830006
-3.411541
-2.761995
1.763708
-2.713454
-1.421193
-1.833234
-2.174619
-1.338269
-2.140219
-2.691636
-2.163546
-3.120631
-1.619235
0.045237
-1.654775
-0.928475
-0.262906
-0.353405
-1.739627
0.021146
-2.360247
-1.606724
-1.936116
-4.005823
-0.568058
-1.480601
1.199695
-1.646990
0.421801
-1.269507
-1.159656
-2.579634
-1.465157
-1.735811
-4.246596
0.465777
-4.842936
-1.462129
-3.064526
-2.129175
-2.939119
-1.617002
-2.076351
-4.512009
-3.346389
1.309233
-1.859939
-4.837699
-2.007843
-2.377272
-2.861639
-4.298886
-3.337196
-1.488158
-0.954255
-0.623171
0.228293
-1.372692
-0.843617
-1.854836
-5.882463
0.126394
-1.900736
-1.098223
-0.878315
-4.456566
-1.824677
-1.964419
-1.962470
-0.168437
-3.502465
-2.546890
-0.224386
-0.024326
-4.476983
-1.331872
-3.301580
-1.903202
-0.715301
-2.799987
-2.381387
-0.718758
-1.615812
-4.909961
-2.002344
-0.564402
-3.159574
-1.818507
-4.493186
0.111894
-4.030272
-1.293812
-0.791934
-3.751565
-1.155885
-0.268130
0.077705
-3.157765
-3.079922
-2.221190
-1.215937
-1.309310
-0.286976
-1.770236
-3.901190
-2.452784
0.110002
-1.820888
-3.644109
-2.544159
-1.397074
-0.416460
-1.344543
-2.724874
-0.079107
-1.794752
-0.315958
-0.511521
0.894094
-2.262390
-3.212888
-8.147747
-0.994267
2.331745
-1.944012
-1.168844
-3.219127
-3.279758
4.282082
-1.896201
-0.007773
-1.012380
-2.473897
-0.858758
-0.090374
-3.267065
0.450435
-1.947418
0.053382
-5.583310
-0.478774
0.754832
-0.810532
0.003638
-1.278451
-0.001054
-3.567613
-1.135331
-4.262691
-0.116651
-2.431478
-2.426861
-1.966480
-1.106400
-2.551041
-0.958761
-2.604434
-5.382775
-2.890588
0.122187
-0.439308
1.017444
-0.893133
-4.482765
-1.046114
0.091915
-0.306562
-2.455086
-1.569981
-3.356166
-4.801530
-1.509640
-11.706095
-1.618080
-1.068716
-1.816746
0.234367
-1.963694
-3.338421
0.971930
-3.294522
-6.653903
-3.382602
-3.984934
-0.656960
-2.326466
-4.972582
-2.213367
0.260421
-2.386417
-1.152007
-3.416059
-0.689136
-1.414679
-1.644174
-0.927377
-2.011787
-2.796117
-0.334308
-4.224319
-0.454926
-5.656495
-2.507662
-1.227749
-3.828487
-2.856719
-0.066403
-4.141991
-3.954526
-2.284861
-1.714078
-1.744030
-3.808608
-0.959292
-6.083618
-0.480631
-1.899801
-3.317987
-3.054168
-2.139123
-2.863543
-1.981183
-3.527246
-1.006492
-5.702476
0.784236
0.604652
-0.126264
0.175459
-1.190536
-4.412729
-5.564036
-2.829152
-2.352634
-7.177420
-3.844627
-1.854626
-0.708421
-3.623466
-3.069689
-2.549883
-0.992325
-3.306907
-3.471988
-0.332194
-1.322136
-1.277810
-1.972207
-3.351824
-2.779783
-2.120501
-1.621425
-1.033427
1.278601
-4.171490
-1.580167
-2.101921
-1.910834
-3.428835
-2.938498
-1.140355
-3.480130
-2.008679
-0.228559
-5.026155
-1.275324
-4.432333
-2.608131
-1.769081
-0.224667
-1.793126
-0.983777
-0.922803
-3.363260
-2.330808
-3.128662
0.571383
-2.369155
0.680484
0.211317
0.297828
0.295555
-4.340626
-1.707614
-0.749285
-3.292522
-3.450801
-2.016029
-1.962105
-2.982454
-3.628448
-2.095562
-3.606545
-2.511490
-4.738899
-4.540106
-0.478106
-2.304546
-2.266709
-0.978412
-2.489221
-3.684311
-0.783267
-5.239238
-2.958127
-4.185513
-3.108220
-2.702862
-1.220905
-1.251017
-1.842063
0.326581
-1.619487
-1.544740
-0.266686
-1.609971
-1.728995
-3.095196
-1.771787
-2.191855
-8.189814
-2.621303
-1.138208
-0.215107
-4.644397
-3.442714
-0.292343
-1.634859
-4.024569
-0.565264
-0.773325
-3.479733
-2.677450
-2.544588
-2.344722
0.514263
0.752050
-1.774886
-3.597582
-2.639708
-7.483107
1.915782
2.318175
-2.920290
-0.271987
-2.940512
-1.492239
-0.085619
-1.023475
-4.639874
-0.497518
-1.489641
0.178680
-2.712519
-3.504061
-5.291406
-3.564447
-4.296299
-0.959076
-1.210785
-6.141868
-3.438922
-1.496264
-3.521474
-0.947146
-4.438614
-3.479060
-2.887217
-3.149306
-2.528581
0.323497
-2.636220
-0.176737
-0.980317
-2.235623
-2.765359
-0.529871
-1.344530
-1.795659
-1.691982
-3.094497
0.805659
-1.557340
-1.443318
-3.878744
-3.254726
0.527965
-5.285376
-0.730408
-0.791176
-2.040903
-3.793387
-2.525648
-3.417055
-1.998176
-3.356906
-1.512694
-2.848013
-0.234560
1.710405
-0.665152
1.008472
-4.495590
-2.321530
0.460351
-0.857661
-3.578350
-2.812932
0.480184
-1.495261
-1.213794
-1.740510
-1.105079
-2.721704
-0.300232
-1.689637
-3.182693
-3.838239
-0.354483
-0.364403
-2.732127
1.566438
-1.626218
-3.163870
-0.865352
-0.984744
-1.925543
-2.144249
-4.918324
-1.612720
-1.449385
-0.597309
-2.776973
-0.990742
-1.331015
-5.081940
-2.462457
2.330742
-3.994882
-0.699703
-6.509062
-4.267159
-2.716894
-0.096089
-1.961240
-1.128560
-0.148662
-5.583737
-2.027077
-0.838015
-3.013276
-1.389503
-0.918770
-0.406492
-2.344469
-2.184705
-2.069175
-3.631363
-0.393401
-3.553794
-2.299021
1.189654
-4.432997
-3.734970
-2.095391
0.783055
-0.306939
-4.476303
0.519699
-1.807766
-4.047321
-4.104332
-3.404289
-2.068337
-3.037089
-4.012913
-1.818978
-1.586888
-3.213230
-0.097164
-0.699877
-5.202561
-3.950870
-2.422324
0.434615
-2.531243
0.297289
-1.845509
-1.227974
-0.048903
-2.344213
2.342939
-3.636192
-2.514303
-4.189150
-2.700273
-1.100626
-1.668001
-3.140772
-3.671064
-3.373832
0.902770
-0.801205
-2.197457
-0.996884
-1.664195
-0.518816
-0.908534
-1.423960
0.599368
1.039446
0.439796
-0.943919
-2.537946
-1.300659
-2.998940
1.465185
-4.536424
-4.190607
-2.307338
-3.150636
-2.735265
-3.456842
-3.729612
-0.208280
0.334193
-0.377606
-2.298771
-2.606117
-3.246671
-0.584104
-2.780614
-3.419616
-1.672538
-1.538606
0.163899
-2.344643
-0.807540
-0.506604
-2.077556
-1.573892
-3.939194
2.417234
-2.316454
-3.594639
-2.807556
-2.376307
-2.539867
-1.180914
-4.692850
-3.936296
-1.084575
-0.031261
-1.800846
-1.174111
-2.706357
-0.632237
-5.027409
-1.121053
-0.325209
-4.154191
-3.190663
-2.029221
-1.424898
-1.559881
-4.159727
-1.388079
-4.389757
-5.449720
-2.319689
-5.010783
-3.617001
-3.689392
-1.674460
-2.225646
-3.252124
-3.212001
-1.606502
-0.696551
-2.213548
-1.542259
1.019535
-3.415258
-3.442533
0.662402
-3.321352
-3.661767
-1.781951
-10.690989
-1.017084
-2.786576
-1.772442
-2.497367
-3.400589
-2.256062
-4.449070
-2.636226
-2.847557
-1.799379
0.154863
-4.113707
-2.485246
-2.173838
-5.758066
-1.382689
-3.597804
-1.609933
-1.969796
-1.658960
-1.864596
-2.404853
-1.444965
-2.157653
-1.440253
-2.461400
1.179346
-2.508334
-2.255618
-4.806396
1.418927
-2.155641
-5.054651
-4.270104
-2.544990
-4.730832
-2.631727
-2.548595
-2.045214
-1.097404
-1.907201
-4.125328
-4.578256
-3.916350
-1.358735
-2.582683
-0.801151
-0.783897
-3.227517
-1.452485
-1.529784
-2.483022
-0.798825
-1.350786
-1.595835
-2.449980
-2.587529
0.266268
-1.889202
-0.114620
-0.861342
-3.735890
0.429051
-0.135879
-2.280615
-1.889881
-0.698076
-2.941631
-2.481200
-3.674757
-2.067416
-2.455832
-0.551288
-2.061538
-0.392018
-4.496485
-1.628204
-2.989154
-1.014563
-2.239163
-0.233560
-3.163941
-0.782250
-3.873412
2.230104
-2.475933
-0.861079
-3.451638
0.154037
-0.729384
-3.861330
-0.300879
-2.481735
-0.959644
-1.971842
-4.472685
-1.859421
-1.266731
-0.368956
-0.953214
-2.693537
-4.425940
-2.299616
-2.636420
-4.020581
-2.467674
-0.836021
-1.090055
-3.336155
-3.789454
-4.738667
-3.768705
-2.059468
-0.916766
0.806776
-0.863840
-2.437474
-1.852888
-3.275742
-2.293295
0.818182
-1.678008
-2.803642
-1.689770
-1.934673
-1.189950
-2.463736
-4.312391
-1.044086
-4.648464
-3.098805
-2.463055
-2.640709
-1.976382
-1.956610
-1.825427
-4.245677
-1.657600
-5.792695
-4.998159
-2.730381
-4.029364
-3.206688
-1.264370
-3.627968
-2.284269
-0.089677
-3.263421
-0.947016
-2.497320
-1.017376
-1.856457
-0.591397
-2.073625
0.536870
-3.512110
-4.231369
-2.652493
-2.897637
-3.108274
-2.636561
0.973210
-3.826441
0.113773
-1.999235
-3.420389
-0.873402
0.388249
-3.809558
-4.051093
-1.215814
-1.779825
-3.044057
-2.856568
-1.469900
-4.826654
-2.067621
-3.567812
1.159647
-3.748095
-3.300267
-1.707818
-2.766141
-4.342614
-3.287315
0.512972
-4.436935
-0.369371
-2.549197
-3.376462
0.256497
-2.593872
-3.983446
-3.070469
-1.754811
-3.770367
-1.928333
-4.079000
-1.483480
-3.568400
0.276447
-3.590961
-8.203939
-2.806896
-0.679076
-3.010712
-0.995767
-3.720849
-2.097549
-0.667973
-3.372955
-0.881596
-2.253702
-1.993933
-11.540207
-5.199828
-4.753373
-3.866156
0.593498
0.009155
-2.182293
-3.289038
-3.648363
-2.162486
-2.522019
-1.633499
-2.934116
-3.113657
-0.747441
-3.055028
-1.498369
-3.436183
-5.490832
-2.601258
0.004169
-1.469040
-1.298283
-4.462543
-7.121932
0.285896
-0.545474
-4.016681
-2.944541
-2.243845
-0.852834
-2.835604
-1.867679
-5.155466
-1.716419
-1.260839
-2.922815
-1.679165
-3.412245
-3.039142
-2.279890
-0.587071
-4.510816
-1.900477
-0.562781
0.638755
-3.612006
-3.201296
-2.324543
-1.571722
-5.142661
-1.431842
-3.215195
-2.987338
-1.887909
-4.244772
-2.922703
-1.762751
-5.228009
-3.366900
-1.064636
-3.103328
-3.103646
-4.518654
-2.073756
-1.423437
-1.995731
-1.794981
-1.599898
-0.431053
-3.254641
-5.715952
2.043773
-3.276072
-1.907084
-4.095603
-1.941323
-2.882659
-2.285629
1.692999
-1.827015
0.336400
-1.758638
-3.637402
-2.177877
-2.850406
-3.414881
-6.711786
-4.492434
-3.564699
-4.739290
-3.516614
-3.135719
-2.024611
-2.291799
-2.958638
-0.999524
-4.238347
-2.780099
-6.481379
-2.654392
-5.852125
-1.749123
-1.527811
-3.063540
-3.842286
-1.292109
-0.248413
-1.861171
-1.251280
-3.548407
-4.386506
-3.457623
-1.033352
0.297127
-1.590006
-2.377290
-2.420475
-4.143449
-2.201647
-0.355987
-3.986019
-1.197089
-1.060625
-0.142433
1.076458
-3.542583
-0.239256
-2.298640
-0.200860
-1.577065
-1.558967
-2.569130
-0.841770
-1.246262
-2.370015
-2.700508
0.049552
-4.115824
-2.393772
-2.360885
-3.848252
-1.140486
-3.078489
-4.215250
-3.304518
-3.974591
-1.182298
-3.307357
0.219956
-3.456137
-2.301660
-1.219418
-2.461099
-2.283983
0.600893
1.242952
-0.725528
-11.541891
-2.615309
-2.138218
-1.454291
-2.597079
-0.753414
-4.088629
-2.901666
-0.570891
-2.901756
-1.288898
-3.556403
-2.269249
0.119676
-5.310412
-2.121382
-1.485666
-0.183506
-0.823738
-4.054035
0.311316
-4.885943
-1.510435
-3.888709
-4.354629
-2.818346
-1.372738
0.185461
-7.555037
-1.857805
-2.285712
-3.882352
-1.366630
0.346401
-5.619079
-1.386788
-2.029252
-2.419379
-3.742275
-0.881316
-1.025339
-4.105769
-2.814995
-0.634571
-4.282581
-2.357474
-2.970207
-1.399909
-2.754620
-2.905877
-3.590546
-1.056068
-0.840573
-3.604644
1.379407
-5.896187
-2.708430
-2.145675
-4.761593
-1.257128
0.478178
-2.576533
-2.919109
-3.392104
-2.695798
-4.651328
-1.425521
-2.044333
-2.803689
-3.265219
-4.312491
-0.064675
-1.195457
-1.205902
-0.531555
-2.547506
-2.994439
-0.344757
-3.558625
-1.460412
-1.512052
-3.445683
-2.188478
-5.112935
-0.388103
-2.796693
-1.433542
-3.531176
-4.954387
-3.159569
-0.865956
-4.180119
-0.171367
-0.628889
1.257523
-2.807634
-3.270857
-3.288236
-0.754081
-3.203585
2.250298
-3.167996
-1.574511
-1.326823
-1.675709
-3.419574
1.544894
-2.481683
-2.112587
-2.860001
-1.997773
-2.246805
-1.975806
-1.643059
-0.204771
-2.638759
-2.866814
-3.695441
-2.871898
-4.151726
-3.953212
-1.892045
-0.714722
-5.841151
-1.342050
-1.779724
-0.644309
-0.073138
-1.746421
-0.658681
-1.626347
-1.303307
-2.240116
-0.941217
-1.825248
-2.417304
-2.223129
-7.316090
-2.611489
-4.894221
-2.721306
-3.497832
-3.802641
-3.742582
-2.955077
-4.154617
-1.653533
-1.390492
-0.812472
-4.119631
-5.650855
-1.397289
-2.387580
-1.875057
-2.813615
-2.353004
0.134338
-1.692283
-1.387110
-2.743232
-1.469195
-0.860830
-1.185591
3.601630
-0.480827
-3.742000
-3.696784
-1.572632
-2.035126
1.759230
-4.671821
0.325329
-1.083172
-1.972121
-1.728371
-2.253696
0.809708
-1.565228
1.810041
-0.257973
0.556815
-2.032660
-2.536692
-2.473004
-4.253170
-3.187934
-3.722345
-3.653523
-5.750698
-2.087773
-0.107803
0.504632
-3.131205
-0.489630
-4.465757
-1.763987
1.676649
-0.240732
1.392618
1.849921
-4.733594
-0.783323
-2.950516
-2.381132
-1.162287
-3.326901
-3.839623
0.268766
-1.112469
-0.785636
-1.899383
-3.690993
-4.229848
-1.681670
-2.791351
-2.752818
-0.752878
-1.016764
-3.096562
-1.840385
-1.083827
-2.910791
-3.282348
-2.046389
-1.911898
-0.040643
-3.028276
-2.619322
-4.771745
-2.682547
-2.545680
-2.887885
-1.599311
0.416999
-1.637360
-4.247242
-1.848569
-4.082631
-2.869916
-1.855448
-2.616620
-2.774088
-2.737505
-3.481340
-3.228374
-3.470960
0.101051
-2.499773
-5.081557
-2.018541
-5.306114
-2.117813
-3.005385
0.291921
-3.581876
-5.710943
-4.225405
-2.658941
-3.678450
-2.147002
-1.198034
-4.493412
-2.986359
-4.213307
0.677961
-2.724490
-4.104810
-3.248144
0.169395
-2.134978
1.521778
-1.360438
-2.821543
-2.909583
-2.576889
-1.546872
-0.699365
-1.965505
-1.085049
-0.147429
-1.704613
-2.687674
-1.728482
0.409582
-5.108377
-2.311295
-2.327216
-2.170094
-4.674300
-2.472179
-3.040859
-2.772667
-2.316364
-0.466669
-3.736401
-4.096160
-4.242144
-1.972982
0.272913
-1.064121
0.705168
-2.081325
1.450246
-3.560953
-2.159595
-2.865381
-4.994463
-3.679137
-0.964917
-4.037353
-3.143505
-2.300653
-0.756244
-3.860136
-2.917001
-1.152841
-3.121733
-2.234565
-2.406227
-1.064478
-5.070133
-3.143927
-4.421000
-1.548780
-0.346850
-0.108302
-4.264666
-3.813068
-2.411126
-2.352799
-0.460138
-2.005674
-2.337369
-2.865303
-2.420343
-2.348552
-2.057034
-2.222017
-3.157254
-3.895749
-4.290172
-6.343504
-3.991838
-2.397477
-1.764793
-2.535263
-2.390697
-2.679339
-3.542224
-1.595266
-0.412474
-2.598588
-3.376990
-2.049307
-5.452402
-0.948872
-1.999851
-3.573710
-3.859092
-3.848676
-1.980102
-3.860073
-6.929736
-1.024291
-5.538203
-1.589997
-4.207340
0.556283
1.900786
-3.592747
-3.091776
-2.312651
-6.221523
-2.074701
-0.421788
-2.562927
-3.400050
0.148853
-2.377920
-0.756213
-0.946156
-3.429299
-3.152515
-1.255909
-0.347880
-5.795116
-0.695647
-2.872636
-0.806962
-5.715227
-1.600104
-2.030366
-2.916802
-3.445566
-1.417198
-1.712337
1.125485
-0.335976
0.359481
-2.203250
-2.948237
-3.476653
-2.431566
-2.442609
-3.190542
1.013078
-1.908468
-1.600636
-0.797648
-0.911353
-2.400480
-1.652488
-2.668124
-2.943160
-5.425040
-0.798714
-2.682491
-0.772614
-2.936781
-4.306747
-3.022169
-5.612137
-0.501823
-1.627746
-1.045854
-3.181776
0.583565
-0.679251
-2.162541
-2.101461
-3.305540
-3.463500
-0.522463
-1.968159
-2.659696
-3.547614
-4.732805
0.051475
-1.384756
0.332189
-0.240788
-2.507264
-1.564976
-0.977678
-2.469721
-3.247809
-3.722118
-4.384521
0.276477
-1.733174
-3.533106
-4.382132
-1.479206
-0.013200
-5.421961
-1.812351
-3.645530
-2.333982
-3.518308
-4.375498
-1.370143
-4.440782
-0.164673
0.013615
-4.293427
-1.004473
-1.971852
-0.533219
-2.474359
0.097714
-3.343506
-4.362948
-0.450940
-4.292995
-4.206665
-2.067463
-2.489309
-3.470676
-2.230715
-5.386794
-1.989160
-3.646796
-1.087130
-0.751144
-3.586265
-2.573297
-1.559521
-1.637671
-2.409274
-2.128427
-1.280097
-2.033643
-2.006153
-2.082466
-2.172528
-2.374160
-2.509287
-2.785852
-1.838878
-1.370228
-2.187420
-2.801378
-2.351332
-2.975232
-1.595465
-0.887798
-6.210239
-0.769900
-1.906074
-3.844606
-4.352679
-1.247971
-0.389439
-3.483928
-1.723707
-0.966443
-3.264132
-0.074090
-2.538337
-1.279630
-2.068786
-4.084618
-2.992315
-4.790847
-1.602848
-2.197161
-0.348207
0.416807
-2.532791
-5.585955
-1.414593
-3.668328
-3.764771
-2.478706
-1.194740
-1.188217
-2.812757
-0.513586
0.555965
-3.865352
-2.754942
-4.773202
-1.941113
1.378360
0.040505
-0.025770
-2.217254
-1.012105
-1.660339
-4.620137
-4.376342
-2.272789
-1.034303
-2.692423
0.353558
-4.115310
-3.486276
-0.158198
-2.642705
-2.357919
-0.247605
-2.053602
-1.734756
-1.261873
-3.342650
-1.388783
-1.467451
-3.889088
-3.499735
-0.506807
0.521458
-0.209409
-2.100521
-2.873152
-1.200523
-0.796019
-2.312260
-3.617658
-2.144810
-3.373656
-2.112085
-1.408290
-5.356099
-0.955709
-4.493000
-4.077337
-1.104274
-3.938007
-0.922992
-3.676712
-1.622820
-4.561967
-0.194995
-6.169820
-0.882598
-2.283540
-1.924110
-2.227788
-5.834733
-1.778548
-2.548469
-1.960933
-3.094171
-3.236204
-2.144846
-2.654848
-1.031671
1.872977
-3.474607
-3.365268
-3.622102
-3.565889
-2.207724
0.289671
-2.885510
-3.801353
-3.639303
-1.841388
-4.332231
-2.280569
-1.374742
-1.410407
-1.399855
0.647689
-3.672037
-3.061868
-3.589538
-3.022669
-2.719809
-1.670456
-0.776001
-2.704971
-1.323516
-2.908523
0.773487
-0.103190
-1.659173
-5.612404
-4.508539
-3.371092
-0.467267
-3.548035
-1.048480
-2.483675
-3.173726
-1.646210
-2.835085
-3.126595
0.491655
-2.777192
-2.787036
-4.199084
-2.633697
-1.577284
-3.803040
-2.197137
-0.003034
0.622260
-5.095358
-1.657718
-2.050947
-1.855797
-4.795427
-1.664180
-1.386386
-0.796683
-1.402250
-0.738444
-0.916786
-1.900900
0.306471
-4.062735
-2.528695
-4.826585
-4.660070
-4.698932
-4.235268
-3.035904
-4.660519
-0.918762
0.446501
-2.948445
-1.059303
-3.906625
-0.449555
-3.078872
-5.159953
-0.728761
-1.326231
-2.683329
-4.474656
-2.865711
-3.438846
0.195234
-4.402042
-3.500188
-0.546809
-3.714502
-4.378743
-1.956299
-0.425415
-3.438006
-2.628631
-4.420749
-2.094800
-2.774080
-2.602065
-3.731941
-0.257591
-2.792140
-2.581591
-3.378239
-4.616959
0.459912
-3.471329
-1.132699
-3.083245
-2.799522
0.020716
-3.512186
-3.137989
-3.402551
-3.496795
-0.288604
-4.076743
-2.780855
-5.743382
-0.393160
-4.735619
-1.360077
-4.642988
-1.717172
-4.032181
0.418487
-2.468194
-0.868411
-2.213235
-2.658305
-4.929503
-4.495769
-2.563143
-3.123490
-2.527430
-2.317674
-4.170786
-4.334188
-1.537625
-1.720091
-3.729195
-1.740407
-2.293879
-2.576200
-1.727543
-3.311435
-1.211620
-5.093287
-2.122679
-3.574380
-4.459385
-0.993805
-2.011662
-3.980004
-4.415385
-3.195670
-1.624122
-3.882849
-5.561340
0.330461
-0.218964
0.142034
-1.951050
-4.466968
-1.535615
-0.884223
-1.045935
-1.688834
-1.118935
-2.641425
-4.515896
-2.743562
1.401495
-1.034587
-0.101867
0.758785
-2.888247
-3.181113
0.259265
-2.505078
-1.481546
-1.415817
-0.055242
-2.046958
-3.445901
-0.525214
-0.746869
-0.822893
-1.752793
-1.903790
-3.000517
-1.727224
-2.627443
-1.187786
-3.310140
-3.086747
-2.834003
0.667951
0.086332
-5.003040
-1.942471
-4.089057
0.083524
-3.955976
-0.173253
-0.261541
-2.166603
-3.552293
-1.222966
-2.593974
-3.671408
-3.980904
-1.273860
-3.776321
-3.203023
-4.601737
2.234743
-2.138813
-2.370519
-10.561879
0.447620
-4.215844
-2.560002
1.238100
-1.290367
-4.564345
-4.203156
-2.811953
-2.772907
-5.163358
-1.481594
-2.080767
-1.871625
-1.019923
-0.426646
-3.910207
-1.452145
-2.053203
-2.992634
-1.368551
-2.423063
-4.411683
-0.802474
-1.929076
-1.797321
-3.456920
-4.714110
-2.536784
-4.550008
-2.576855
-4.019320
-3.896052
-0.519721
-0.669080
-2.676322
0.736778
0.059263
-5.718616
-1.559123
-5.177839
-4.523412
-2.911883
-0.046089
-1.790777
-2.525968
-3.271121
-3.726164
-1.711718
-3.895088
-0.724455
-2.497751
-3.995473
-2.440453
-4.193321
-3.252453
-0.715925
-4.625510
-2.396283
-1.957227
-2.716792
-4.703847
-2.996168
-1.685498
-4.031444
0.202566
-2.804506
1.738584
-2.841766
-0.197329
-0.785526
-2.800194
-3.885287
-8.383580
-3.159602
-1.306118
-2.675807
-3.041801
-3.801708
-1.358645
0.053056
-1.464720
-3.400704
-1.507353
-3.065613
-4.794844
-2.309507
-2.354809
-5.099159
-4.584688
-2.413313
-2.474936
-2.530013
-3.312612
-7.770449
-3.834468
-2.145999
-1.249078
-1.879827
-3.431496
1.323658
-10.839622
-4.613387
-2.165158
0.032120
-3.981730
-0.521684
-2.134135
-3.125672
-0.711690
-1.590166
-3.303380
-2.517965
-2.586782
0.504010
-0.924621
-1.391370
-1.408797
-0.256099
-1.229573
-0.283435
-2.759979
-1.622014
-2.489762
-5.844730
-1.371990
-2.604165
-1.660242
-1.914023
-1.891893
-2.040608
-4.559102
-3.499701
-4.219482
-1.189887
-1.410213
-2.848354
0.348772
-5.357409
-1.427558
-0.368232
-1.698059
-2.823325
-2.621499
-5.363938
-5.475674
-3.588930
-2.758632
-3.596992
-1.934921
1.578808
-1.858553
-3.186299
-1.526844
-2.693604
1.200705
-4.621031
-3.061352
-2.574566
-4.231395
0.105406
-2.898675
0.415792
-2.609385
-1.537625
-1.482222
-1.147802
-3.632929
-3.042565
-2.763844
-2.250700
-2.205080
-5.463458
-0.685422
-2.608629
0.199520
-1.619730
-3.583523
-2.458878
0.019091
-2.583774
-6.536998
-2.128205
-3.824980
-6.007915
-1.757422
-4.733504
-5.248159
-3.597612
-3.417750
0.697151
-1.624570
-1.918653
-3.220166
0.392192
-2.649159
0.588334
-1.052631
-3.095705
-0.450492
1.158795
-4.004538
-1.685907
-0.235928
-1.487570
-1.387392
-2.442575
-1.554676
-2.155422
-4.280829
-1.992043
-2.037340
-2.231219
-5.200367
-2.483540
-1.421192
-4.006678
-5.392743
-1.316859
-3.495893
-5.131122
-0.419256
-2.799088
-4.027142
-2.408790
-4.215011
-5.087775
-2.467725
-2.171071
-3.198550
-0.613052
-1.039992
-1.564438
0.823934
-1.721120
-1.511576
-4.053749
-2.828468
-1.683962
-2.138444
-5.059541
-2.706604
-1.099467
-5.517482
-5.384355
-3.807820
-1.419605
-3.365309
-2.515268
-4.050114
-0.881122
-2.005331
-2.659044
-4.266809
-4.493329
-1.601789
-0.605020
-4.660571
-3.342420
-2.199323
-3.922336
-4.332793
-2.070994
-3.102827
-4.322469
-4.218256
-4.143833
-4.198728
-1.598738
-1.682517
-2.616094
-2.628632
-2.088571
-3.757321
-1.884537
-0.478371
-2.346213
-4.730070
-2.554238
-1.588320
-3.744169
-1.784098
-1.953013
-3.631879
-0.198530
-4.266218
-0.821383
-3.426820
-2.551262
-4.424739
-0.169939
-3.894396
-1.844092
-0.190939
-1.400612
-4.277772
-3.514532
-3.356713
-1.131502
-2.393146
-1.412549
-1.759082
-1.681999
-2.963051
-0.814900
-1.005829
-2.557704
-2.877279
-0.963918
-1.236076
-0.062780
-3.335754
-1.594937
-0.395398
-5.450689
0.061822
-1.409395
-2.178330
-1.848525
-2.998073
-3.957154
-1.815514
-3.846039
-2.697596
-3.702564
-3.088584
-3.855531
-0.644001
-2.406168
-3.281326
-2.698009
-4.149199
-3.715526
-4.978338
-2.462162
-0.857600
-3.499963
0.949678
-3.850542
-4.630032
2.840898
-2.671944
-3.320165
-3.190365
-1.131693
0.154283
-3.184965
0.820066
-1.808021
-3.656950
-0.290364
0.819092
-2.099213
-1.540884
-4.202977
-2.214843
-3.075827
-1.284108
-0.906530
-1.640769
-2.952513
-0.494133
-0.277013
-1.033418
-0.889851
-1.172231
-2.546534
-0.770948
2.295645
-1.514454
-6.427888
-3.279484
0.794348
-4.431697
1.009530
-0.884101
-4.090850
-3.376029
-1.653253
-4.524596
-3.516807
0.595356
-0.586712
-4.925742
-4.414951
-1.722988
-3.033154
-4.087732
-2.951592
-0.936076
-2.959983
-3.646678
-5.295800
-3.890907
-1.526244
-2.527916
-0.187458
-3.617349
-1.099969
-4.034413
-2.888415
-2.907746
-4.302292
-1.477891
-0.524493
-3.305947
0.469046
-4.391822
-4.177805
-2.671204
-1.049150
-2.797858
-2.391265
-0.939895
-0.448899
-2.122264
-2.273385
-5.165876
-0.363228
-1.483806
-3.918813
-2.620541
-2.979881
-2.003203
-0.520938
-2.840305
0.013645
-0.994785
-3.791612
-2.724380
0.107322
-3.360703
-2.688575
0.737887
-3.708346
-0.513677
-2.673976
-2.080010
0.766852
-2.336409
-2.195326
-2.099057
-1.036941
0.883708
-0.452726
-0.381683
-2.480662
-4.104079
-2.518244
-3.691142
0.219043
-1.563185
-3.114571
-1.554144
-0.816975
-2.540972
-4.083537
-3.136463
-2.391133
-2.328627
-1.739648
-1.943552
-5.116733
-3.334644
-4.233851
-1.142570
-1.826013
0.181068
-0.694872
-3.177500
-1.923272
-2.153177
-1.450631
-2.145507
-6.020050
-2.591056
-4.342865
-2.764365
-5.369370
-1.841888
-1.569997
-3.717432
-4.851304
1.093090
-3.162473
-2.899333
-2.831064
-4.241557
-1.085591
-4.390441
0.081689
-5.292053
-4.049389
-2.186295
-4.691266
-3.067911
-4.582041
-0.347578
-4.708306
-3.493916
-0.463278
-1.376102
-4.579948
-2.752545
-0.954709
-4.242693
-0.694202
-2.272446
-0.477966
-0.059762
-1.598536
-0.925371
-2.073191
-3.309291
-3.791451
0.137217
-1.410136
-0.687539
-1.751727
-3.861592
0.826714
-2.604059
-1.531487
-3.004818
0.517254
-2.509126
-5.184442
-0.602381
0.512146
-2.001960
-1.604559
-4.902556
-4.745802
-2.258224
-2.426314
-1.185030
0.741404
0.559728
-4.425518
-1.459818
-3.971011
-1.907526
-1.451195
-2.525121
-1.924694
-6.104602
-4.678819
-3.408193
-4.088981
-3.978245
-1.676430
-2.938944
-3.274450
-2.251427
-2.846920
-3.498622
-3.155991
-4.898139
-3.631302
-3.195015
-5.407409
-1.794013
0.046153
-3.737202
-3.394872
-1.684165
-1.513967
-0.190760
-0.109801
-1.172528
-3.082107
-5.112037
-1.456563
-2.665345
-4.952114
-1.790731
-3.985472
-3.597105
-2.151537
-4.953850
-2.210357
-3.423325
0.208453
-3.949935
-1.753526
-2.804649
-2.268143
-1.735514
-1.496740
-1.513927
-6.382222
-1.637047
-5.117936
-2.323963
-1.999173
-1.578452
-2.222695
-0.203959
-3.911829
-0.831964
-4.297375
-0.580269
-3.040595
-2.805408
-1.083032
0.445940
-4.351626
-3.713386
0.496598
-3.322893
1.158302
-1.295431
-1.310315
-2.236675
-1.615949
-2.219643
-3.296448
-0.407760
-4.370806
-4.930250
-4.023253
-3.926040
-2.849834
0.593825
-0.521251
-3.690640
-3.111303
-3.536030
-2.944059
-3.314918
-3.366416
-3.330764
-1.258719
-1.910192
-3.035950
-0.332022
-4.196189
-3.282056
-2.869557
-3.123972
-2.933297
-2.765403
-4.786987
-2.562166
-0.252112
-2.217792
-2.654645
-1.066699
-1.599861
-0.695121
-3.464284
-1.884928
-4.469245
-4.789550
-2.924768
-2.323576
-4.757078
-3.122296
0.783230
-4.589367
-2.462155
-4.247010
-1.235566
-0.020590
-2.539122
-4.789793
-1.401891
-4.034225
-3.248233
-0.559570
-4.728277
-0.771575
-4.496641
-2.129780
-2.618047
-1.928318
-1.236748
-3.633304
-3.337255
-1.285355
-1.250414
-2.359899
-0.077786
-2.960858
-3.607419
-1.719784
-4.385541
-4.178322
-1.585373
-2.007749
-3.118358
-3.658968
-2.425695
-2.047617
-2.046841
0.274314
-3.846317
-1.714075
-1.071751
-4.049882
-1.269212
-0.503137
-2.015763
-1.737445
-0.923888
-1.874691
-0.197379
-2.796692
-5.311255
-3.250659
-4.548586
0.280923
-1.029430
-2.507587
-1.030073
-2.517214
-4.671752
-1.098174
-2.456546
-2.684414
-4.567142
-2.105388
-3.773668
-2.850595
-1.053485
0.168233
-3.741569
-2.379965
2.339343
-4.944367
-2.548194
-2.782578
-3.061440
-5.181354
-1.853009
-1.817721
-4.019887
-2.112475
-3.265197
-4.006405
-3.767691
-0.591983
-2.015275
-0.934666
-0.886395
-5.210873
-5.479931
-3.563011
-2.328893
-5.116120
-2.805898
-1.291574
-0.911954
-0.872937
-3.003358
-4.142801
-1.531034
-1.547041
0.090735
-3.848207
-3.291553
-1.414312
0.965051
-4.788743
-2.096897
-0.626938
-1.898791
-0.364456
-4.965251
-1.346475
-2.767670
-2.419217
-1.495844
-4.435183
-1.358785
-4.993722
-3.656482
-4.126684
-3.765427
-3.523245
-4.357533
1.057817
-4.033219
-3.235396
-1.233060
-2.234411
0.203984
-4.789331
-1.912189
-1.799358
-1.783510
-4.993289
-2.527644
-2.432110
-2.586585
-1.520233
-0.696527
-1.784138
-3.481375
-2.567297
-1.911156
0.002555
-4.390384
-1.832578
0.708083
-2.268298
-1.858125
-1.442558
2.838748
-1.991261
-4.633781
-4.237819
-2.200889
-3.259698
-3.765424
-5.016720
-2.696329
-1.528492
-1.653759
-3.001151
-0.942132
0.111035
0.127504
-4.020408
-0.046553
-1.038903
-5.727916
-3.812621
-1.636197
-0.912756
-4.918452
-2.473744
-2.241600
-0.614426
-2.206456
-4.690076
-1.705840
-5.563772
-1.697577
-3.757499
-2.293736
-2.976185
0.065405
0.279374
-2.108568
-4.439482
-3.015890
-3.416230
-1.217870
-1.534759
-1.728652
-2.794286
-1.386718
-0.628651
-3.111689
-3.261521
0.713768
-3.308947
-4.501094
-3.804972
-1.249238
-2.636658
-2.569877
-6.702928
-4.644231
-5.721509
-3.465416
-2.476705
-0.550334
-5.208996
-1.040885
-6.041575
0.047739
-0.856923
-0.030363
-3.475506
-2.102480
-2.301926
4.174815
-1.571061
-5.862010
-1.947594
-3.037924
-0.448220
-4.244917
-0.569457
-4.512275
-2.743440
-3.832956
-2.277395
-2.952840
-4.335678
-1.145490
-3.469900
-0.992747
-4.203501
-2.960918
-0.968763
-4.421996
-4.206196
-2.462662
0.394298
-2.448615
-3.331204
-1.467468
-3.588647
-2.020022
-2.967010
-2.294985
-2.831479
-1.831669
-1.322144
-3.873973
-4.326989
-3.342971
-2.781870
-1.387043
-4.083332
-3.116737
-1.440502
-1.213792
-5.127652
-3.695926
-3.864818
-2.131214
-4.028831
-0.996177
-3.446351
-3.771324
-2.185433
-3.582968
1.423709
-0.799507
-0.367571
0.103215
-2.847757
-2.653054
-4.079336
-5.741452
-3.248578
1.381054
-2.042492
-5.161159
-3.562840
-4.368623
-2.864239
-1.529086
-3.998860
-3.324358
-0.392996
-5.264320
-1.850283
-0.394549
-3.773239
-2.845486
-1.180803
-0.426175
-5.076320
-3.179856
-5.397371
-0.140303
-2.813936
-4.081132
0.685547
-2.093175
-3.764634
-3.200813
-5.244348
-2.825804
-5.357307
-9.985533
0.021384
-3.952232
-1.872223
-4.793819
-3.110575
-1.190550
-1.021226
-11.590000
-0.966922
-0.088812
-3.263950
-3.614902
-1.356907
-2.257748
-0.036415
-2.517670
-3.885409
-4.868747
-2.783138
-3.297253
-5.020339
-2.287587
-0.986834
-2.714569
-3.018567
-2.942023
-1.016774
-4.002858
-2.927397
-1.252774
-3.356037
-3.195563
-1.859866
-1.596883
-4.111590
-0.294024
-4.441944
-3.554716
-2.076838
-3.045536
-3.318891
-2.585080
-1.573362
-1.559136
-1.282907
-2.984277
-1.451817
-2.370662
-4.596584
-1.135039
-3.483968
-2.574628
-0.345943
-1.269341
-0.754929
-4.326277
-3.787244
-3.660098
-1.731841
0.591105
-4.771552
-1.196891
-0.943231
-3.682222
-3.343696
-4.307881
-1.451925
-6.283407
-4.397098
-3.347072
0.701309
-2.139920
-0.393239
-3.969769
-3.417847
-3.206365
-2.292728
-1.453637
-2.015328
0.912056
-0.660346
-3.198086
-1.187972
-2.946389
-4.017659
-2.070953
-3.798863
-0.711812
-1.302330
-3.629554
-3.024790
-4.261055
-1.460791
-1.052076
-2.400167
-0.636918
-2.592691
-4.043136
-0.618523
-8.366371
-2.305446
-2.734953
-3.547952
-1.835634
-1.560219
-0.360736
-2.665490
-3.126292
-6.063258
-5.824938
-4.334363
-1.234541
-4.655876
-3.395730
-2.559354
-2.576888
-4.112069
-3.710076
-3.075768
-5.437037
-0.308495
-2.674485
2.230631
-2.118898
1.672788
-4.584456
-1.506992
-1.883880
-0.744854
-5.318417
-3.623411
-1.755343
-5.455810
0.291194
-4.245821
-3.473747
-2.734197
-3.323729
-5.853511
-4.025369
-1.515222
-0.971183
-0.069478
-2.322074
-3.898026
-1.772455
-2.184063
-2.074280
-2.681722
-2.728399
-4.487066
-7.398039
0.211443
-1.079537
-3.585680
-1.747138
-1.135381
-4.087032
-5.034289
-1.143910
-0.187864
-2.222571
-4.856305
-2.196740
-4.253186
-2.023920
-3.588337
-4.799190
1.829241
-2.672454
-0.670427
-2.706716
1.430704
1.886397
-2.900862
-1.960716
-4.633317
0.672654
-0.060781
-0.977911
-1.946120
-1.354808
-2.720239
-2.034466
-3.682501
-1.867892
-0.251491
0.365314
-3.187364
-1.727355
-4.776852
-2.572343
-4.260817
-3.818515
0.288248
0.122484
-4.401030
-1.783556
-4.883256
-2.305591
-3.503868
-3.712108
-3.664410
-1.574708
-1.444646
-2.977498
-3.998362
-1.889678
-4.039330
-6.221414
-3.118083
1.268083
-3.292323
-1.903968
-4.277648
-3.541119
-0.897219
-0.951079
-3.074680
-4.667840
-1.668863
-1.925488
-4.110155
-3.281219
-0.443838
-3.091181
-2.229969
-0.850511
-5.425643
-2.122275
-4.302416
-5.428088
-7.387633
-5.927853
-3.623703
-2.197147
-5.133458
-3.821527
-4.009521
-1.494141
-3.167404
-5.145625
-2.296808
-2.738509
-4.344664
-1.209537
-3.536371
-2.803913
-3.075966
-6.546350
0.207127
-1.682531
-5.620230
-6.115431
-4.664608
-3.300957
-3.835627
-0.658964
-1.649174
-3.056198
-0.427979
-3.706364
-4.567941
-1.586694
-2.295272
-3.339936
-5.778275
-0.598004
-5.042456
-1.935567
-6.665895
-1.218536
-2.548684
-4.593170
-1.580415
-3.560970
-2.140179
-3.464443
-1.679796
-2.987798
-5.249676
-0.450350
-2.274608
-1.403523
3.111872
-1.608135
-4.436480
-3.749371
-0.124759
-3.476645
-3.589221
-3.429359
-2.622017
-4.436705
-4.149645
-0.855843
-0.962111
-3.858975
-1.906979
0.063058
-1.466135
-1.657093
-2.537379
-2.365505
-4.165844
-1.033780
-1.034238
-3.157933
-1.808765
-0.930668
-0.458668
-1.330836
-5.291925
-2.005510
-3.777295
-0.845484
-5.995323
-1.994416
-3.514109
-3.399603
-3.504501
-3.900068
-3.976883
1.015557
-4.789255
-4.206275
-3.050011
-0.214459
-2.959781
-3.549249
-2.514582
-0.467559
-4.388191
-3.080786
-2.624693
-5.212292
-1.126976
-3.016510
-1.818457
-2.691980
-3.301301
0.311220
-2.848563
-1.542773
-2.194429
-2.256007
-2.704305
-0.890677
-2.636922
-0.433051
-2.729011
-2.956120
-4.130803
-0.821620
-3.183174
-4.734208
-3.696683
0.431816
-1.863777
-2.563106
-5.715315
-1.712506
-0.528803
-2.594904
-1.150400
-4.870704
0.895881
-1.020647
-5.849143
-1.581952
-0.125625
-3.656267
-3.007130
-5.679647
-4.100622
-4.303202
-2.013042
-5.265913
-4.094779
-1.765441
-1.097765
-2.100945
-4.128473
-2.697258
-4.368826
0.331269
-3.089039
-5.030415
-6.053030
-3.719198
-1.725251
-4.193898
-4.223544
-4.359904
-1.434897
-3.035630
-2.918055
-2.756426
-2.885501
-0.537090
-0.131449
-1.578561
-1.624535
-5.332888
-3.464224
-5.499579
-5.956528
-0.578570
-1.807460
-3.463336
-2.600651
-3.950593
-0.754498
-1.770077
-1.568068
-2.949983
-0.999711
-3.388564
-1.139885
-2.876807
-4.971812
-0.906187
-1.166170
-3.560229
-6.152537
-0.969639
-3.650396
-4.639294
-5.562035
-2.211256
-2.177459
-4.713762
-1.040126
-2.798725
-3.975627
-0.674063
-3.545730
-1.953254
-0.145704
-1.459764
-5.271584
-6.310091
-4.235703
-1.278182
-0.655010
-1.253272
0.912648
0.036393
-3.581963
-3.041212
-3.026042
-11.506889
-3.296556
-2.326729
-3.767851
-3.630331
-11.328036
0.122285
-2.409212
-1.466882
-2.421261
-0.483620
-3.383485
-3.647322
-3.155860
-2.373734
-5.900354
-1.175803
-4.531796
-3.949828
-3.427690
-5.804078
-2.975127
-0.872369
-2.865933
-6.997097
-2.339728
-2.879708
-0.641860
-4.076820
-2.285294
-1.604946
-2.239415
-4.276586
-1.804468
-2.622341
-2.096278
-3.676213
-2.275372
-1.847960
-1.132055
-1.430697
-4.814179
-4.987207
-2.680311
-4.391026
-2.310865
-2.911393
1.000286
-4.178251
-5.133707
-3.359323
-4.433865
-0.684520
-3.935298
-1.817159
-3.572680
-2.908389
-4.387084
-4.013591
-2.512678
-3.922170
-2.797157
-1.827337
-1.808949
-1.770934
-3.051929
-5.429492
-2.383562
-0.642201
-2.949417
-1.287698
-1.648333
-2.466044
-4.203361
-2.980177
-4.513045
-3.212706
-3.390429
-4.963617
-1.677828
-3.058830
-2.556327
-1.720898
-3.825458
-3.920566
-3.368963
-2.844244
-2.285379
-2.144611
-6.680024
-2.934594
-2.768982
1.881855
-4.268266
-3.640291
-0.616653
-4.648670
-1.289213
-3.386766
-1.291287
-2.037257
-1.003068
-4.541725
-2.025312
0.053111
-2.849845
-1.038190
-1.100249
-5.343915
-1.284810
-3.001391
-0.990765
-5.878208
-0.741881
-2.142940
-1.366444
-3.257974
-4.128918
-4.985494
-2.898902
-2.042953
-1.205658
-0.125403
-4.535457
-3.807564
-2.399619
-2.971589
-1.943821
-0.941723
-2.282902
-3.060589
-4.821712
-5.262486
-2.441897
-4.367261
-1.238862
-1.794047
-4.257852
-2.504321
-1.677787
-1.664653
-1.963033
-2.111415
-2.316020
-3.970623
-2.110285
-1.819223
-0.681357
-4.459126
-3.343184
-1.353102
-4.193620
-2.268414
-4.473709
-1.801951
-3.983751
0.553290
-1.548315
-3.821034
-3.617522
-1.635990
-5.057243
-4.464527
-4.762887
-2.414226
-3.085499
-4.423753
-4.476569
-2.359779
-2.588728
-3.851760
-3.871753
-2.135021
-2.302218
-3.764256
-2.855381
-1.304955
-1.959538
-2.826408
-4.181274
-2.247953
-1.523639
-0.129718
-3.110988
-4.933728
-2.911188
-1.455303
-3.170810
-7.009866
-4.029467
-1.207170
-3.761963
-5.647739
-4.816677
-1.801825
-0.818120
-1.120971
-2.414521
-4.257615
-1.438782
-2.446146
-3.337599
-2.501554
-2.448401
-2.131836
-0.735534
-3.065004
0.091421
-2.277642
-1.682998
-3.256745
-3.014674
-3.581453
-2.451464
-3.977665
-1.458535
-4.847386
-2.140249
-1.291174
-4.212516
-4.674099
-3.753501
-2.835217
-1.968390
-2.762331
-4.617284
-1.996439
-3.493311
-3.960986
-0.843741
-3.567127
-4.166719
-3.380665
-3.176006
-1.225737
-4.262652
-3.950627
-2.943162
-3.189261
-3.098385
-2.137975
-1.643419
-2.938392
-3.158845
-4.254040
-5.030608
1.842510
-5.465515
-2.529357
-1.343819
-2.971608
-4.540001
-1.460804
-5.490951
-0.105898
-2.866021
-4.585661
-2.473653
-4.331662
1.709131
-1.251013
-2.726181
-8.707012
-4.290725
-4.481368
-4.593196
-1.333656
-0.613835
-4.176807
-3.754930
-4.308308
-1.979954
-2.505845
0.273801
-1.488722
-3.725977
-2.788013
-1.772968
-5.471667
-2.384572
-3.823747
-4.647462
-2.359705
-2.208417
-2.003962
-4.739874
-3.703056
-1.215740
-5.137931
-1.675225
-5.177217
-2.779492
-4.260792
-0.753429
-3.756279
-1.979293
-1.507543
-1.758594
-2.389795
-4.906884
-2.873143
-2.624599
-2.296529
-0.449524
-0.203659
-4.770719
-3.435789
-3.339227
-4.649363
-3.232910
-2.550994
-3.747583
-6.189284
-0.441115
-2.500065
-2.714437
-2.358685
-2.093644
-5.120982
-2.331323
1.503693
-1.833858
-2.797906
-3.673382
0.049044
-3.206984
-3.073756
-5.286639
-3.427104
-2.428001
-3.158438
-2.774689
-3.250572
-4.339677
-3.291535
-3.199688
-4.122687
-4.386634
-1.806835
-4.373163
-4.476142
-10.025331
-1.286047
-4.752156
-5.550112
-3.746976
-3.305584
-2.549527
-0.727079
-4.581249
-1.164473
-5.167732
-4.998049
-5.064596
-4.378701
-4.280499
-3.086517
-1.930930
-4.247110
-3.418680
-2.919195
-3.597325
-5.632880
-3.910253
-4.085791
-4.768498
-3.947789
-1.062430
-3.571908
-3.537546
-3.270640
-1.236217
-3.112394
-2.339846
-5.475751
-2.799299
-0.279074
-3.849201
-0.558775
-1.889801
-2.107911
-2.941402
-2.485930
-4.252013
-5.963109
-4.176537
-3.252502
-3.367114
-2.921497
-1.306908
-3.495498
-3.057107
-4.697690
-1.493418
-2.732883
-2.018623
-2.150543
-3.920658
-5.815287
-1.975383
-3.428311
-2.036424
-3.396442
-2.607370
-1.923949
-3.313646
-4.651059
-3.405856
-4.683492
-0.581290
-4.727696
-4.861531
-0.225558
-3.006531
-6.070487
-0.588395
-1.220469
-1.170243
-4.490233
-5.264840
-4.807508
-5.096035
-1.080883
-0.767402
-0.642220
-1.892084
-2.889372
-6.921556
-5.410336
-6.228699
-0.886333
-1.071022
-1.469927
-2.854289
-2.319773
-1.301463
-6.380578
-2.748102
-1.086959
0.457280
-3.344726
-2.064953
-1.434234
-3.111121
-3.721667
0.632550
-2.523808
-2.352285
-2.873386
-1.784598
-3.662991
-4.617651
-2.822845
0.676655
-1.437288
-3.037426
-3.188018
-4.212228
0.192030
-3.412009
-3.201861
-1.824580
-6.854042
-3.527004
-2.424447
-2.860932
-2.228902
-3.757769
-1.454234
-1.878510
-0.258417
-1.952896
-4.842509
-5.244708
-3.838610
-2.299006
-3.501708
-4.903620
-2.292605
0.495537
-2.549303
-2.653968
-3.921570
-2.026181
-3.605603
-3.214452
-4.095700
-5.006955
-2.506811
-2.056530
-2.244467
-1.800641
-2.746334
-5.105211
-0.673855
-2.338521
-5.100877
0.699745
-3.197659
-4.239486
-2.616138
-2.403696
-5.842756
-5.226928
-2.928633
-2.820832
-2.582575
-4.118791
-3.145440
-2.122408
-1.762421
-3.847328
-2.985130
-0.241843
1.444530
-2.421054
-1.192307
-4.419157
-1.811722
-3.893081
-0.970201
-2.058718
-4.281130
-3.538373
-5.008474
-1.772114
-2.939998
-2.220722
-1.431395
-5.237538
-4.557841
-2.316315
-3.934368
-3.144023
-2.843704
-2.588069
-4.489304
-5.413559
-2.670898
-4.272460
-3.626896
-0.698408
-2.636287
-1.848154
-1.144780
-3.022350
-2.043869
-0.703664
-2.806052
-2.281080
-1.538473
-2.570899
-1.225586
0.790488
-1.071738
-1.902575
-2.777206
-7.532854
-3.172211
-3.958072
-4.784746
-2.228031
-3.418775
-3.627182
-3.264247
-6.006332
-0.359268
-4.428746
-6.260077
-4.193318
-1.696511
-2.413520
0.456983
-2.731142
-1.247481
-0.261275
-1.980601
-4.237224
-3.604499
-5.413867
-0.741235
-6.456633
-4.604350
-2.048866
-0.116456
-1.151780
-2.939548
-4.817692
-4.947246
-0.272377
-4.103359
-4.307123
-2.933409
-2.222610
-3.397812
-3.534477
-2.146965
-3.144469
-3.349393
-4.443097
-2.946711
-4.666932
-3.186998
-3.479980
-2.906447
-0.554741
0.481431
-5.327004
-3.731194
-0.628021
-2.556030
-2.812337
-4.420894
-3.812323
-3.051940
-2.192521
-3.040331
-0.866892
-3.686774
-2.405280
-3.090116
-4.999452
-4.826130
-6.231087
-5.206463
-4.951210
-2.977587
-2.249374
-4.123062
-3.552485
-2.833786
-3.937205
-3.096281
-2.423677
-3.164437
-3.582554
-2.800827
-0.843997
-4.081064
-1.601720
-5.841916
-2.578415
-0.558384
-1.731381
-1.855095
-3.522566
-4.273618
-0.743583
-2.171419
-6.560700
-2.140174
-6.160709
-3.570079
-8.396028
1.387808
-0.188817
-2.133577
-2.432079
-1.734653
-3.188160
-0.850320
-5.635188
-3.172646
-4.261884
-2.992090
-0.720720
-3.684470
-0.821695
-2.870125
-2.927220
-5.025066
-2.451486
-1.336398
-5.289820
-3.021010
0.037907
-4.223269
-4.998514
-4.938088
-2.512211
-2.521775
-4.131062
-3.760624
-1.618708
-1.638058
-2.366681
-0.466666
-3.504204
1.193477
-2.092492
-3.641652
-3.706842
-1.332288
-4.489030
-1.691125
-2.373194
-0.826007
-7.836941
-1.463612
-2.265231
-0.857102
-1.773643
-2.462795
-3.574712
-1.355361
-2.335390
-2.993318
-4.083653
-1.335860
-4.126109
-0.254945
-4.119648
-1.913822
-4.052823
-3.880061
-4.278445
-2.677382
-3.704431
-7.737395
-6.206863
-0.716788
-3.366923
-4.050830
-9.722342
-0.306798
1.908579
-3.567439
-6.573326
-3.815871
-1.147509
-0.028082
-3.768451
-2.963171
-4.342807
-2.634649
-3.277724
-0.506797
-4.090321
-3.829820
-1.572849
-1.672528
-4.053398
-1.770692
-5.528181
-4.147210
-3.593385
-0.516371
-0.021600
-3.629467
-3.993541
-0.697080
-1.416624
-1.662420
-3.916314
-4.598615
-3.359950
-2.967305
-1.356043
-1.096476
-4.249927
-2.915211
-5.109475
-1.942635
-1.358841
-5.213437
-5.103061
-1.169289
-2.685238
-2.915822
-0.388976
-3.360757
-1.274565
-3.498374
-2.420438
-3.792289
-3.098703
-0.788814
-4.147360
-3.159835
-3.292624
-0.863287
-1.542348
-5.286319
-1.953430
-2.552291
-0.693606
-2.810987
-2.840308
-2.320968
-2.318092
-1.802860
-0.230140
-3.532610
-3.054008
-2.579192
-4.569843
-4.744243
-1.230499
-3.868643
-1.299004
-4.019260
-3.656662
-3.496984
-4.156773
-2.041789
-1.327235
-3.794781
-0.890661
-4.822109
-0.791385
-1.714721
-2.582107
-1.684808
-2.734487
-3.737344
-2.198246
-3.277472
-3.405014
-5.150772
-2.613931
-5.299869
-3.567294
-0.601390
-2.081155
-1.424765
-1.573260
-1.836055
-0.982895
-2.007867
-3.189063
-3.315550
-1.872991
-1.568034
-6.049467
-4.496773
-2.127115
-1.712182
-1.823030
-2.181609
-2.855901
-1.356273
-4.372966
-3.524580
-4.435581
-1.157272
-2.995667
-2.826921
-2.006435
-1.840587
0.108349
-2.013474
-5.305914
-5.446157
-1.049448
-1.927859
-2.548220
-4.085193
-2.976910
-6.129056
-1.967013
-2.941211
-5.698944
-3.802282
-4.551625
-4.178318
2.015904
-3.604668
-2.318458
-3.060006
-3.035567
-2.681051
0.063533
0.207724
-3.915537
-2.561924
-6.564914
-2.616345
-3.084924
-3.121448
-3.796664
-3.439211
-3.210585
-1.229429
-2.544461
-0.349143
-0.980197
-3.464406
-2.279779
-4.836757
-3.734041
-2.185034
-3.092834
-2.005536
-7.291305
-1.667141
-4.992505
0.061690
-3.851061
-2.807987
-3.067384
-2.129109
-4.636513
-7.252462
-2.636836
-1.712556
-3.189745
-3.102839
-4.242706
-3.905687
-2.743365
-2.277723
-4.499982
-3.677853
-1.251980
-0.360944
-3.459640
-3.148618
-3.941432
-4.254107
-4.352585
-2.415782
-4.135745
-2.819610
-2.077347
-1.412523
-2.890022
-4.238661
-2.280423
-1.749211
-3.126130
-4.358279
-3.253919
-2.576861
-0.573563
-2.886710
-0.051596
-3.080887
-3.837349
-5.452440
-4.736470
-3.797061
-1.529933
0.675908
-3.360600
-7.445322
-2.899994
-2.521788
-2.849587
-0.169693
-1.368649
-2.013483
-3.924197
-4.608777
-4.354567
-1.885910
-2.146877
-2.097465
-3.170965
-5.703716
-2.713451
-5.542157
-4.285500
-1.115305
-3.850031
-1.550021
-2.600441
-3.121584
-4.933092
-4.083758
-2.475924
-3.540345
-5.273571
-1.385235
-3.981287
-5.956564
0.167561
-2.943620
-2.526411
0.146232
-4.087893
-0.839893
-1.906165
-1.381346
-1.700292
-4.024961
-5.403602
-2.608756
-1.991865
-3.092582
-1.229022
-4.081093
-4.056234
-4.811600
-2.829189
-2.887058
-0.397265
-5.163184
-2.271605
-2.814482
-4.236623
-1.109197
-4.520559
-4.825993
-4.983093
-2.478749
-4.017172
-3.924396
-3.566972
-2.072581
0.059581
-0.554445
-5.571297
-6.523699
-2.926022
-3.193915
-1.586676
-3.382739
-4.953094
-3.522165
-3.408727
-0.494836
-4.011505
-5.659490
-1.945023
-4.435198
-1.125553
-2.642587
-4.977248
-3.188137
-0.596723
-4.694153
-5.237300
-5.465046
-4.602931
-2.141536
-2.375049
-2.774329
-1.050908
-3.098226
-2.185555
-3.502038
-3.882506
-4.161785
1.555868
-8.266586
-2.290349
-2.851226
-4.282265
-0.696558
-2.297070
-2.213322
-3.048916
-3.016101
-1.411712
-2.858784
-5.471141
-3.382369
-4.777692
-3.555924
-0.779667
-3.343861
-2.681388
-1.434166
-5.150264
-2.576426
-3.339141
-1.033433
-2.563741
-1.973778
-1.526369
-3.065755
-3.902834
-3.818604
-3.330429
-3.662345
-1.091411
-4.260063
-1.412236
-3.138251
-5.663875
-2.183681
-1.196108
-1.181705
-3.443011
-4.955245
1.068503
-4.924214
-2.934062
-3.918045
-2.790027
-3.090104
-2.804081
0.689340
1.142392
-5.130604
-3.825531
-0.985182
-1.174468
-2.059099
-1.790138
-2.028660
-4.248047
-2.437740
-2.442307
-2.176855
-4.857827
-3.691797
-1.686609
-2.310229
-2.768775
-2.368464
-4.067446
-2.023450
-2.346835
-1.579882
-2.339544
-2.007761
-3.390773
-5.091427
-2.907256
0.669070
-0.514822
-3.551180
-5.457028
-3.466976
-1.466287
-3.712481
0.426674
-3.993536
-3.502400
0.709159
-3.910756
-1.490919
-1.180249
-0.108907
-1.507910
-3.085060
-2.404914
-1.638097
-4.405429
-1.368737
-3.868812
-1.273006
-1.954390
-0.921326
-0.307828
-2.891736
-2.694068
-1.826119
-2.460217
-1.133730
-2.391094
0.223930
-4.932584
-2.022495
-1.950494
-2.351247
-0.628180
-1.333718
-5.747444
-5.074129
-6.852839
-4.977929
-3.840935
-1.859876
-3.117230
-3.005291
-4.652656
-1.810299
-3.471935
-0.457752
-2.331337
-3.390496
-3.224359
-5.411659
-2.361294
-2.928821
-2.939946
1.843315
0.423225
-4.228096
-1.773524
-2.497991
-4.269461
-0.749750
-4.170642
-2.710709
-1.598720
-1.665178
-2.276467
-1.866158
-4.113280
-1.889920
-5.304387
-3.693923
-4.014758
-6.399325
-0.617916
-1.107214
-5.134327
0.065314
-2.902824
-1.882722
-1.007986
-3.570132
-2.731666
-3.396785
-3.281175
-1.609810
-3.678771
-2.862478
-2.957016
-2.275439
-6.137385
-4.575071
-2.522254
-3.660002
-1.799225
-0.530394
0.191911
-6.694606
-1.022231
-3.217037
-3.763464
-4.915590
-3.487831
-3.106709
-4.721471
-4.474591
-2.932586
-4.122592
-1.995177
-1.407811
-3.140424
-4.876458
-3.525988
1.828026
-1.554454
