8
1 500 1000 200 42 777 13 99
-9.329792
0.562166
3.764593
-9.244468
-9.719471
-10.113738
-9.734713
-9.907318
-9.541503
-9.781217
-9.820506
-9.766582
-9.918857
-9.543284
-9.496511
-10.252672
-10.156793
-9.581976
-9.749866
-9.182555
-9.551691
-10.234102
-9.946437
-9.328984
-9.465585
-2.771898
-2.153787
-9.978719
-9.224968
-9.387196
-9.670847
-9.787852
-10.067949
-9.549144
-9.842920
-10.366208
2.004457
-0.845639
1.296455
0.224647
-2.277045
2.908357
2.249801
2.669593
0.201649
3.460387
2.904572
3.628118
5.343747
1.873314
5.104098
0.094233
-1.926223
0.777245
1.298008
0.462154
-1.828539
1.157298
1.951035
-0.102977
-1.920619
3.241175
-0.116957
1.596612
1.443092
-0.302115
-0.989746
0.224094
-0.212275
2.327391
4.496268
3.713409
1.542060
0.637125
5.019397
1.215614
2.167018
1.208082
3.747969
1.878461
1.221537
1.326606
3.575830
2.670414
-1.547719
2.247690
2.077918
2.858963
-0.538077
3.857111
2.727502
3.326222
1.031984
2.296448
4.520008
2.098130
2.236301
-1.325258
4.228743
1.056907
1.349544
0.792626
2.677679
2.657006
2.156254
-0.351197
2.363892
0.056595
1.857136
0.272152
3.115337
-0.170420
2.310746
2.403105
2.717013
-0.305974
-3.777472
0.379355
3.479211
1.770576
1.004567
0.412904
0.733232
-0.860701
1.688433
2.156545
-1.979004
2.189127
-1.575801
1.116378
-1.804726
-3.622036
-2.473043
-2.638946
-2.520277
-1.633005
-3.806538
-0.179389
-0.863515
-0.039037
-5.327317
-3.996997
-2.674056
-1.406139
-2.182684
-3.006337
-1.266921
-2.780474
-4.621591
-3.555920
-3.463455
-3.080296
-1.707975
-2.902939
-2.244689
-4.167406
-2.799161
-2.718899
-2.176897
-1.416798
-9.907500
-9.431290
4.300818
2.081116
-8.149127
-5.485666
-3.687960
-7.983240
-7.775085
-8.085521
-8.283625
-5.355721
-7.072448
-7.962059
-7.179305
-6.011643
-7.940413
-7.680892
-6.321658
-8.258105
-7.714725
-9.217069
-9.126617
-9.988078
-7.913522
-8.144798
-9.325243
-8.231309
-8.367180
-10.111902
-9.579022
-9.480623
-6.812592
-5.948962
1.247171
-5.405260
-7.125562
1.744251
0.521825
-0.465146
-0.140760
0.625895
-5.802637
-9.807498
-7.933933
-6.374217
-3.153220
0.488998
-7.071854
-9.454525
-9.239589
-9.259851
-9.397691
-9.807939
-9.569452
-9.541885
-9.512711
-10.100471
-9.758713
-9.618591
-10.010739
-9.483779
-9.667682
-9.579329
-7.095471
-4.761345
-5.688329
-9.452255
-8.738852
-8.369802
-7.791502
-7.343733
-7.216818
-4.563562
2.147106
-7.488969
-4.975643
-8.998657
-9.369441
-6.976637
-8.532528
-9.406681
-10.007985
-7.317254
-7.953596
-6.987765
-7.632174
-9.053064
-9.229080
-9.447479
-7.305910
-9.937836
-9.470294
-9.371741
-10.112985
-9.688323
5.969483
-5.901664
-5.433833
-6.465254
-5.258878
-6.585423
-5.446171
-1.716662
-2.859671
-5.540142
-1.751170
-6.820787
-5.664891
-4.547160
-3.543066
-0.745156
-5.568549
-2.928099
-4.039647
-4.735422
1.847688
-1.962165
-1.378562
-4.076216
-1.107782
-2.662284
-2.241745
-4.407628
-3.991165
-3.052377
-2.708670
-0.974660
-2.449112
-3.556586
-2.879738
-2.993560
-0.242379
0.082156
5.605997
-2.955351
2.830121
0.116991
1.319689
0.209108
-0.643261
1.812954
5.665078
-1.335969
-0.727850
0.408014
-0.793870
-7.074442
-1.459131
-1.507913
-0.759813
-2.391256
4.073662
-2.761815
-0.519191
-2.015219
0.209388
2.047440
-1.315816
-0.916126
1.197001
-5.096717
-2.366331
-2.415057
-1.719204
1.350792
-2.247320
0.043157
-1.304081
-3.312236
-1.645456
2.992445
-4.355101
1.066795
3.512444
-2.498605
-0.112818
2.379264
0.111022
1.464931
-0.499421
0.547588
-4.850774
1.636079
-0.230290
4.899861
-0.205448
0.759389
2.757700
-2.865586
-0.016323
0.044928
-0.235128
1.604124
-1.092232
-5.049662
-2.291654
0.092254
-0.501407
-1.258485
-0.231561
-1.048959
-4.389186
-0.685512
2.454958
-2.676577
-3.870478
-5.448807
0.415246
0.944205
-1.114823
-3.520871
-2.482488
-0.060722
0.116363
-1.500943
3.456737
-2.862072
-1.058604
0.163549
-7.570580
-2.481026
-2.508531
-2.373909
-8.309570
-1.087567
-3.674587
-1.040275
0.339629
-1.420538
-2.356100
0.070692
-3.499846
-2.070364
2.050659
0.524305
-9.505688
-1.856078
-0.993276
-0.510950
-1.499666
-1.479960
-4.291750
-3.386849
1.298158
-3.796623
0.789589
-2.448746
-2.159279
-1.315411
-1.698470
-3.896769
-5.689017
-0.302061
-5.162282
0.016884
-3.066153
-0.151317
1.704949
-1.166289
-2.770486
-4.135530
-1.946169
-2.425060
-3.924221
-1.103663
0.289024
-2.451960
-0.483227
1.078427
-4.904890
-0.894637
-1.634073
1.492949
-5.387049
-7.035586
0.314101
-1.349162
-1.607225
-2.412522
0.378571
-1.771823
1.394507
0.754564
1.766181
-1.569774
-0.461838
-2.045686
-0.492197
-6.690985
-1.225798
-0.256627
-2.002202
-3.279792
-1.540257
-0.436598
-1.886656
-1.668446
-2.057735
3.286711
-1.938730
-0.639170
0.982534
-0.361780
1.615831
-3.511438
-5.187121
-1.535921
-2.637639
-2.742021
-3.298564
-1.780352
-2.459662
-1.782892
-2.084160
-3.699798
-0.996414
-1.542906
-2.228662
1.518597
-4.060930
-2.085168
-0.754929
-1.041913
-5.191575
-2.723650
-5.704693
-2.461377
-3.107023
1.382624
-0.533252
-2.150336
-0.341334
-1.996098
0.992271
0.453824
-3.716733
-1.508008
-3.913859
0.927810
2.381214
-2.641623
-3.003768
-0.631760
-1.791141
0.244735
0.306696
-3.959126
1.439489
1.268868
-2.093267
-0.482778
-1.540635
-0.714483
-3.534410
-4.424086
-2.223830
1.420224
-2.893064
-1.432443
-2.206773
-0.506857
0.593013
-0.038195
-1.335084
-6.310329
-1.074492
1.763770
-1.288154
2.312793
0.435316
-2.521537
-1.868611
-0.054737
-4.771348
2.719256
-1.492450
-1.411654
-0.459027
-3.839488
-0.578091
0.538011
0.738472
1.819577
-2.114459
-2.108411
0.575156
-3.088041
0.473162
-0.104900
-2.475531
-0.723928
0.529806
-0.820387
1.080107
3.351431
-3.404743
-1.759749
-3.365808
0.016044
0.103782
-6.453743
-2.110901
-3.045793
-0.850869
1.700083
-2.521623
-3.168026
-3.007155
-3.254439
0.603462
-4.865866
-2.255822
1.631618
-5.947962
-3.425387
-7.268744
-3.969197
0.178950
-2.580471
-1.114126
-5.115606
-1.666627
-2.011821
-4.264008
-3.873842
-3.846129
-2.358630
-2.429101
-4.562801
-2.853962
-0.989450
-2.863386
1.887126
0.377763
-1.061226
-1.359810
1.112121
-7.206132
-0.334251
-1.574164
-3.389681
-4.311477
0.784425
-1.790371
-0.113362
-0.781625
-2.405721
-4.068435
-3.952722
-2.777056
1.126873
-2.575824
-1.447691
-1.086421
-0.039206
1.873001
-1.314864
-4.635309
-0.520209
-1.865994
-0.920679
-5.796139
0.440348
-0.895676
-4.866008
0.437601
-2.843874
1.449988
-0.772079
-2.505726
2.895174
-0.542210
-3.133106
-0.259994
-3.517342
-0.672751
-2.070992
1.230813
2.028489
-2.075629
-0.234568
-0.922516
-0.018325
-1.859244
-1.084803
-2.112666
-0.458675
-4.098790
-1.742345
-2.882802
0.354634
-3.463321
-1.649238
-7.100741
-0.816071
-2.008169
2.114647
-0.406871
-1.241435
-3.278568
-0.506479
-0.400954
-1.049733
-2.008071
1.283315
1.013941
-2.328364
-1.076669
-5.766603
-3.311364
-3.559459
-9.188300
-2.482238
-1.074661
-3.163314
-0.328585
-5.319172
-0.747025
-1.854107
-5.280964
-5.760954
-7.028641
2.000104
0.481188
-4.506261
-0.626198
-0.095026
-1.766762
1.528928
-3.328723
1.477422
-7.449729
-1.537999
-2.611012
-2.981708
1.325341
-0.383940
2.631969
0.723143
0.227418
0.505953
-2.959670
-1.286674
1.116317
-7.697598
-4.755450
1.329037
-2.992216
-2.645154
-3.963751
-3.208685
-3.754488
-0.552246
-3.591018
-5.764243
-1.481884
-2.560617
-4.422904
2.090331
1.461089
-3.040155
-2.204509
-3.147709
-1.892473
-5.359474
-3.584965
-3.456962
-0.146372
-9.330789
-2.639239
-0.280138
-1.537192
-3.517255
-1.004481
0.066125
-3.874201
-4.472769
-1.265160
1.172425
-2.051907
-0.511188
0.659907
-3.071150
-2.696200
-0.553167
3.306289
-3.666155
-5.949504
0.593631
2.164732
-2.922028
-1.684921
0.458902
1.313611
0.811791
1.849444
-1.382459
-3.772965
-5.923364
-0.186989
-1.078576
-1.348843
-2.095810
-1.224844
-3.175237
-1.694047
-3.982434
0.906714
-0.999770
-2.038507
-2.647317
0.604524
-0.477117
-1.628928
-1.595581
-1.683007
4.377349
-1.440822
-3.410464
-0.177392
-3.594932
0.645515
-0.523573
0.004457
0.536028
-3.131457
-1.623751
-1.288266
-0.653031
-4.088744
-2.807122
-5.718762
-1.340694
-0.855672
2.038432
-0.669027
0.752844
-4.220293
0.122124
-2.217359
-9.968289
-3.417781
-4.320607
-1.373474
-4.026900
-1.175646
-2.102506
-4.841210
-2.077669
-4.213795
-0.014054
-1.164131
-2.423489
-2.794480
0.360964
-3.025851
-1.129113
-1.737256
-0.908065
-5.616430
-6.147851
-3.355907
-0.971285
-2.278973
-5.373517
-4.558773
0.301602
-1.512330
-4.083336
0.020281
1.744016
-0.539129
-2.348599
-3.303786
-2.114068
-0.693458
1.780380
-5.716979
-2.018824
-7.553125
-4.037213
0.406870
0.230591
-5.790593
-5.769506
-2.372901
1.751622
0.407709
-2.020490
-1.994293
0.613161
-1.544306
0.166045
-4.020315
-3.166734
-4.230253
-4.187068
-3.872566
-5.261422
-1.589281
-5.637633
0.575641
-2.449503
0.420395
-1.518996
-3.800682
3.012076
-0.472832
2.156108
-6.821481
-4.902700
-4.316637
-4.474328
-2.778521
-2.884898
-1.414647
-1.418828
1.919218
-1.056048
-1.998190
-3.919173
-3.576473
-5.523723
-0.234943
-5.497311
-6.393292
-2.093153
-5.183876
-1.846869
-1.428788
-4.903924
-2.755105
-1.477818
-2.693799
-5.354641
-2.460266
-0.028028
-3.340433
-0.363632
-0.874116
-3.356778
-2.999075
-5.136263
0.993687
-0.758409
-2.593519
-1.097692
-1.567532
0.792313
-2.663207
-3.193206
-2.314138
-1.547651
0.255773
-2.950526
-5.268623
-4.698011
-4.808752
-2.914206
-0.453789
-4.097157
-2.497976
0.446128
-1.248394
-4.222646
-2.532159
-2.556564
-2.397115
-4.018366
0.205122
-1.168490
-0.728970
-1.837251
-1.652304
-6.169662
-5.455092
-2.596750
-0.671619
-5.916131
-2.318634
-1.667972
-1.381156
0.719577
-0.582882
3.034361
2.008438
-4.454105
-1.888104
-5.750870
-4.670999
-1.292414
-2.320588
-3.106688
-2.428128
-2.602907
1.160294
2.015069
-1.788117
-2.210695
0.232517
-2.966569
-2.901290
-3.843435
-4.016026
-6.092803
-1.363016
-4.195844
0.206683
-3.963091
-6.034760
-1.935502
-4.553935
0.664788
-8.096638
-1.499324
-1.364979
-0.579675
0.570905
-3.788597
-3.105544
-2.784082
-3.082934
-2.301336
-0.785797
-1.280856
-7.289300
-2.549044
-1.561273
0.809200
-2.617319
0.180029
0.079947
-3.544004
-0.721423
-2.402410
0.582779
-3.282946
-2.813289
-4.317250
3.519807
-2.203469
0.157486
-3.373216
1.979352
-1.649312
-2.276511
-1.406339
-3.488440
-0.532473
-3.804105
-1.588832
-5.011950
0.888606
-5.137261
-2.169673
-4.446059
-5.006636
1.401363
-3.060293
-5.849393
0.191773
-4.324682
-3.439019
0.642080
0.312906
-3.258347
0.028633
-0.662849
-0.554288
-4.893114
-3.417827
-1.498132
-2.353257
-1.226759
-4.883233
-2.601596
-1.325787
-1.058317
-2.085532
-2.959270
-0.021240
-0.183135
-1.295865
3.346776
-2.561235
-5.974830
-2.510972
-5.549242
-4.215295
-7.102411
-7.332854
-1.198165
-1.301873
-2.648338
-2.239714
-2.587944
-4.433765
2.952303
-0.149377
-3.704002
-6.985464
-1.261537
-4.087197
-2.537385
-6.437707
-4.432570
-1.311617
-4.261720
-3.346025
-3.883956
-2.015614
-0.480246
-4.476119
-2.052612
0.895912
-1.295266
0.189544
-0.720164
-3.742057
1.472155
-2.316978
1.361437
-2.202224
-2.847095
1.864564
-3.021280
-0.626767
-1.435422
-2.783453
-0.357557
-1.834408
-1.781073
-0.248416
-1.343116
-5.959996
-2.267058
-0.882054
-1.980927
-3.425272
-1.498431
-0.599641
-5.886440
-3.918719
-0.906060
-0.408095
-3.852161
-0.783737
-6.623693
-3.977838
1.760907
-0.194019
0.108352
-2.560425
-0.446169
-1.128828
-2.660378
-2.809829
-3.767866
-2.608785
-0.692888
-8.229719
-3.253922
-3.575456
-2.261435
-2.544243
-4.505631
-2.736112
-2.635645
-0.993059
-3.557837
-0.996376
-5.215930
0.236653
0.224699
2.871836
-5.512879
-4.050111
0.648127
-3.555981
-1.899357
-7.061088
-0.481780
0.456602
-6.373145
-6.906281
-2.308304
1.554838
-3.436205
-3.319934
-5.147849
-3.306764
-6.070210
-1.875195
-1.009658
-0.729864
-2.431146
-2.915422
0.315181
-0.771390
-6.861405
-1.198477
-5.048403
-1.344421
-4.188388
-1.262459
0.656619
-2.240139
-4.034169
-8.249630
-1.815471
-1.021166
-0.367537
-0.030420
-2.914789
-2.644190
-4.467829
-0.107739
-4.313077
-1.191620
-5.151352
-2.881810
-3.628176
-3.770977
0.422346
-0.718519
0.453595
-4.834367
-2.165982
0.098467
0.146520
-5.882761
-1.052280
-1.135603
-0.792107
2.144121
-3.417552
-4.713181
3.391181
-2.344579
-0.914739
-4.614325
-0.603377
-1.969411
0.725552
-1.326851
-3.222084
-3.789773
-1.101498
-3.641973
-2.395768
0.245923
-3.220975
-0.112478
-1.125948
-1.678170
0.196069
-1.805377
-0.903828
-0.674922
-3.828923
1.960705
-3.177697
-3.000163
0.942581
-1.533201
-4.550500
1.385413
-3.290245
-2.308447
-0.504037
2.077204
-2.417458
-1.492404
-5.470210
-2.972553
1.620485
-0.614668
1.306071
-1.084735
-2.738401
-1.566857
-2.058121
1.835441
-0.151911
-0.079184
0.836453
-0.627497
-2.198935
-4.601459
-1.243269
-1.094779
-0.783887
-0.389364
-1.087338
-1.964780
-3.426629
-3.852328
-4.283211
-2.414608
-5.611129
-4.537267
-4.645293
-3.401742
-3.277085
-6.416167
-0.480305
-3.486011
-2.781017
-2.918652
0.332863
1.040036
-2.757457
-0.683412
0.011674
0.102678
-3.123323
-3.237928
-1.509770
-0.402183
-0.755627
-2.301183
-1.051567
-2.518084
-0.566404
-4.428930
-3.701179
-4.223099
0.362851
-1.699794
-1.095538
-3.742873
-4.498783
0.572613
-3.082314
-0.544746
-0.947784
-6.536484
-0.697957
-0.502672
-1.680184
-2.422798
-3.700972
-3.194516
-2.152493
-1.815400
-3.475443
0.531065
-1.301411
-4.042417
2.304523
-2.964776
-1.155949
-2.352826
-1.928091
-1.460568
-2.411295
-1.291839
-1.829896
-2.964009
-2.793222
1.370847
-0.366774
-2.173990
-1.826477
0.162553
-2.605978
-6.242922
-1.377504
-3.076052
-0.376158
0.008716
-1.501646
-6.139023
-0.991912
-3.143252
-1.199594
-8.610168
-3.446412
0.956868
-5.410939
-1.904976
-4.437070
-1.439856
0.892664
-4.108263
-1.172011
-1.428186
-5.242399
-1.121164
-1.923882
-4.981798
1.183014
-0.489543
0.143727
-5.259823
-1.119445
0.522673
1.265570
-5.050635
-0.368666
0.219953
-1.701323
-4.454256
2.475365
1.313084
-1.680401
-0.169873
1.514763
-0.938718
3.657442
-2.562716
-3.273713
-2.772845
-1.414850
-3.031052
-7.049493
0.379105
-4.384164
-0.304665
-4.070280
-4.273373
-3.546497
0.371332
-2.808999
1.222283
-0.046272
-4.798791
-3.369681
-5.432264
0.991679
-2.856083
-3.155398
-9.738137
0.211400
-2.965346
-4.771763
-8.565254
-4.852741
-1.101420
-1.993099
-10.295141
-2.463676
-5.576757
0.036774
-1.245983
-0.680371
-4.180629
-3.126173
-3.135124
-0.492018
-4.042005
0.149807
-2.446496
-3.311810
-2.302376
0.122207
-3.464913
0.053512
-3.893838
-2.339476
-1.109981
-1.642515
-2.443524
-2.984054
-2.727575
-4.592279
-0.024862
-5.740051
-2.758762
0.319004
-0.627088
-8.600048
0.668869
-8.766003
-2.643028
-3.101156
-1.555799
-5.198707
-2.226749
-1.202036
-3.224897
-2.745988
-0.923853
-4.072405
-3.446323
-1.219873
-4.608239
-1.808979
-0.919063
-4.842140
-4.465925
3.332015
-7.717606
-2.208840
-1.070597
-6.329089
-1.777840
1.114571
-0.967513
-2.089537
-1.202901
-0.342962
-0.160938
-1.212518
-1.591313
-1.080381
-1.293515
-7.451569
-2.114253
-1.388059
-4.564281
-3.712557
-4.417150
-3.132289
-1.472569
-2.553874
-5.794930
-3.339674
-4.821918
-0.291883
2.431363
-3.873758
-0.362489
0.255535
-2.094499
-0.353344
0.741904
0.474321
-1.049117
-6.405329
-1.001869
0.466923
-3.472361
-0.030562
0.014557
-2.354481
-1.540695
-1.538163
-4.535704
-6.241923
-8.432729
-3.241818
-5.756350
3.059765
-0.172116
1.858290
-2.555358
-4.377385
-5.524415
-3.556915
-2.644475
-2.018322
-2.097473
-1.043877
-2.691782
-0.382143
-1.572352
-2.348391
-0.333258
-4.050516
-3.198914
-0.891746
-0.776419
-6.287931
-3.163159
0.162364
-4.572036
-4.659946
-1.821069
-4.908780
-3.342028
-0.689945
-2.200563
-5.609098
-0.711028
-1.172710
-3.446225
-1.695449
-2.494204
-0.796345
-1.225705
-4.870507
-1.096985
-0.781117
-0.624182
-1.854766
-3.300241
-0.236282
-0.748340
-2.228103
-3.494566
-0.807528
-2.095530
-3.785058
2.047736
-3.464744
-2.254207
-0.151837
-3.748349
-3.702952
-6.688414
-6.921631
-8.070827
-5.547579
-1.591457
0.488356
-6.404356
-9.471809
-0.393883
-3.076367
-1.096319
-1.422639
-3.275480
1.399205
-1.233182
-2.669811
-8.020605
-0.902022
-2.257030
0.718514
-1.515222
-0.307134
-3.959420
-3.354758
-6.792269
-3.557037
-6.539031
-3.618983
-2.669794
-1.200016
-1.677745
-2.211045
-1.238957
-1.502866
-5.105054
0.412197
-2.570282
-4.463717
-3.649818
-0.405423
0.130601
-3.147769
-1.093400
-0.508891
-3.443574
-7.994080
-3.297196
-8.992305
-3.012601
-3.718884
-4.471503
-4.685193
-3.885872
-3.332003
-2.923512
-5.471922
-1.358163
0.566582
-3.284580
0.802641
-2.265469
-3.707479
-4.074799
-4.308199
-5.429417
-5.183646
-5.296767
-5.656788
-2.779807
-4.008489
2.097477
-3.441751
-1.846799
-0.978172
-2.926901
-4.044396
-1.455237
-0.869026
-2.622906
-5.619758
-1.601732
-1.911265
-3.031683
-1.301735
-0.935684
-2.587645
0.153876
0.866014
-3.218072
-2.469217
-3.334724
-9.474233
-0.202182
-4.951651
0.674740
-3.233768
-2.714960
0.133526
-2.936548
-2.148442
-4.736744
-3.499630
-0.142374
-8.496446
-2.069194
-1.048078
-1.955652
-2.801000
-0.223707
-11.091848
-1.276345
-2.199121
-0.888600
0.850887
-2.892462
-2.266564
-3.421721
-3.670467
-1.365668
-7.832740
-2.556217
0.105159
-0.900572
-4.096666
0.124817
-2.668656
-6.851034
-3.449710
-2.993773
-0.629064
-7.177661
-1.204504
0.489017
1.510826
-2.642757
-4.894765
-0.641456
-4.640676
-1.652130
-1.842693
-9.244533
-1.957870
-4.128463
-5.402452
-1.626249
-3.773424
-6.677691
0.737324
-3.193118
-4.843314
-2.907610
-5.315598
-3.063410
-1.333339
-1.281905
-2.728852
-10.591455
-1.219403
-1.958231
-7.584157
-8.335939
0.044530
0.466670
-3.255907
-3.998680
-1.512000
-4.714348
-2.358390
-1.910035
-3.230366
-2.883204
-3.486706
0.230898
-9.094087
-4.945379
-3.611057
-3.415479
-0.998548
-1.584849
-1.701772
-2.052340
-4.132546
-2.127429
-1.871503
-2.288878
-1.472046
-0.680024
-0.348161
-2.934936
-1.372701
-0.415884
-2.424980
-0.922015
-3.931223
-2.445039
-0.096325
3.900935
-3.083910
-1.033143
-3.748105
-7.269557
-5.728029
-1.032850
-2.182342
-1.718643
-6.669788
-3.671358
-2.954852
0.658567
-0.010711
-5.197412
-0.446633
-0.115300
-3.451584
-1.073314
-1.877940
-3.109594
-2.062237
-0.095571
1.068209
1.839493
-2.157628
-1.365938
-0.105115
-1.268623
-1.729901
-6.363780
0.444647
-3.920502
-5.796824
0.093065
-4.556221
-2.006970
-2.958843
-2.067863
-0.079234
-0.048874
-3.720425
-9.623777
-2.813288
-0.760199
-1.139971
-5.374731
-0.274532
-0.518046
-0.805775
-4.279933
-3.026750
-4.151984
-4.017088
-2.967827
-3.107069
-4.262896
0.727428
-1.756960
-2.808852
0.163934
-2.389360
-3.358279
-5.235432
-2.281697
-2.578622
-5.908025
-5.819896
-2.064038
-0.449043
-7.142899
-8.218270
1.263819
-0.512339
-1.038861
1.027627
-3.905407
-2.290697
2.852732
-2.087633
-3.207144
-2.852340
-2.627524
-4.404296
-2.903954
-3.274093
-1.722422
-4.288326
-1.762630
-5.144203
-0.788794
-7.145825
1.121477
-5.076614
-2.951158
-6.417717
-8.855609
-9.888378
-3.388099
-1.812314
2.170868
-1.740789
-7.886160
-5.397674
0.127920
-5.477855
-4.058574
-1.511488
-3.520009
-2.064576
-9.028244
1.267736
0.753799
-2.526528
2.149454
-2.404288
-4.803950
-7.331441
-2.227058
-1.573751
-1.526432
-4.844743
-4.002639
-5.126251
-1.730717
-0.222974
-7.542255
-1.616732
-3.589444
-1.797271
2.503872
2.129033
-9.662987
-0.517087
3.292428
-1.760732
-5.632290
-1.915165
0.228292
-5.573373
-2.274128
-8.300394
-4.611708
-2.451581
-3.312531
-2.750376
-2.653107
-2.546105
-8.085949
-4.511594
-3.910754
-1.265565
-6.438375
-4.236976
-3.156231
-8.712745
-2.390755
-9.160452
-8.135332
-1.129641
-6.326394
-2.589685
-1.211192
-1.115368
-0.440198
-5.292284
1.230195
-2.792413
-5.608824
1.291820
-4.139904
-3.368711
-3.861766
-1.891572
-0.617584
-5.072761
-1.038473
-0.737025
-1.024161
-2.464500
-3.988964
-3.613010
-1.657634
-0.642783
-1.606695
-4.282004
-4.203851
2.276284
-2.959842
2.086019
1.429567
-2.579391
-1.349102
0.445387
-3.869871
-2.846445
-4.103584
-0.556840
-8.331651
-1.740626
-4.267613
-0.022087
-4.806878
-2.643860
-1.972806
-3.294427
-4.703712
-5.023322
-6.178802
-3.898923
-2.560728
0.608550
-4.125861
-5.091959
-6.170563
0.145228
-0.765381
-5.243370
-2.088555
-0.619341
-6.371083
-1.721990
-0.784258
-1.146354
-1.539649
-3.353339
-7.575591
-3.908058
-0.449830
-3.329547
-0.472957
-8.957355
-0.962986
-3.211913
-2.429299
-1.563172
-2.799066
0.571618
-1.565812
-6.163091
-3.761975
-2.186256
-2.464644
-2.889131
-1.591129
-4.262812
-4.148709
0.547990
-1.397491
-4.254597
-3.888976
-0.439512
-2.848907
-4.182178
-3.152609
-6.021052
1.143012
-4.065431
-3.482111
-1.038363
1.859283
-2.466393
-4.135976
-3.012279
-0.368258
0.179166
-4.168798
-2.049716
-1.248583
-8.286614
-3.059600
-2.215999
-8.149504
-2.329988
-2.637253
-6.325443
-2.150451
-5.574479
-2.049792
-4.118869
-1.451931
-0.679935
0.282001
-7.010507
-6.125408
-2.272679
-1.861385
0.023664
-5.896147
-5.416733
0.480207
-2.689289
-3.672043
-1.345960
0.874373
-2.909650
1.092786
0.252823
-2.766662
-6.683684
-1.788860
-2.687195
-1.149654
-2.856920
-4.479472
-1.707065
-4.061017
-2.163179
-4.326281
-6.588241
-1.057286
-5.146732
-5.024050
0.517036
-2.630737
-2.565933
-10.111874
-2.913776
-1.190847
-3.582170
-4.325600
-8.030611
-4.642192
-2.568892
-0.225122
-0.089148
-1.686887
-4.850210
-2.569837
-6.495157
-6.572049
-5.570858
-2.602056
-8.218273
-9.361061
-3.551156
-4.061211
-3.482203
-8.564569
2.735597
1.596273
-4.480587
-2.634652
-3.609478
0.465360
-5.519648
-4.966025
-2.366115
-4.388382
-2.726686
-1.619649
-2.882837
-2.373123
-3.572874
-3.942945
-0.428736
0.211469
-2.789385
-0.833796
-5.073912
-3.318811
-7.903269
-6.389359
-4.168776
-3.901267
-3.935802
1.367998
-9.435629
-5.481592
-2.140668
-2.035211
-3.453775
-4.093127
-1.159857
-2.740466
-5.797651
-3.246585
-2.650317
-10.314216
1.235778
-3.561662
-5.950784
-4.197574
1.471680
-2.107632
-1.354340
-3.722636
-5.988089
-1.578135
-4.014068
-3.401232
4.685348
-2.481086
0.523806
-2.644335
-0.881460
-7.397275
-1.251403
-10.086943
-5.490322
-1.596595
-4.112471
-10.077952
-4.214290
-1.773861
-4.389269
-2.321216
-5.556127
-3.029581
-4.852495
-3.582709
-3.857951
-0.612646
-1.683856
-3.192399
-7.166009
-6.545476
-1.239780
-1.416439
-1.751277
-3.237660
-4.135403
-1.564157
1.626367
-7.278318
-1.658195
-5.032215
-5.371686
-4.235436
-5.109158
-6.863926
-5.804399
-1.660961
-2.652576
-4.157928
-3.429215
-7.257527
-3.267805
-1.003260
-2.486465
-2.345047
-2.442397
-2.563227
-4.985554
-2.133745
-2.267814
-4.201865
-0.863236
1.417062
-4.220700
-1.602796
-2.815184
-6.874156
-1.871738
0.095821
-3.139768
-4.158677
-1.140798
-3.394290
-2.335351
-5.907660
-4.703708
-5.626761
-3.583215
-5.504228
-3.945759
-2.962017
-1.133778
0.584066
-0.416543
-4.627470
-7.679528
-0.344089
-2.270397
-4.181836
-2.204994
-5.590317
-2.769480
-3.211246
-3.886528
-0.698926
-4.288757
-1.314545
-2.758848
-1.619324
-1.665116
-1.931267
-1.490314
-0.255791
-6.406625
-4.878184
-2.840479
-0.006892
-2.991392
-0.317002
-3.734075
-2.100599
-3.486789
-6.363488
-5.491063
0.663240
-3.082411
-2.401196
-8.552027
-5.673162
-2.052475
-1.812278
-0.016870
-3.366272
-1.546740
-7.828317
-3.272708
-5.887857
-4.444649
-2.803368
-9.069490
-8.039133
-3.575035
-7.044080
-3.535345
-1.550770
-2.028227
-1.334037
-1.415133
-6.096925
-4.727161
-2.632723
-9.025978
-1.614702
-3.888886
-3.767754
-1.884970
-6.579942
1.636650
-5.276021
-5.086132
-4.152645
-1.134105
-1.172787
-1.814813
-4.713362
-2.013591
4.184018
-3.460836
-3.500833
0.775096
-1.472072
-2.866482
-3.064176
-1.960593
-3.373665
-9.074502
-6.660738
-4.704984
-4.334203
-1.556019
-4.150197
-1.373842
-3.487253
-1.341729
-1.834430
-7.040072
-3.141849
-5.094150
-9.151477
-6.028487
-3.880077
0.796848
-1.633002
-2.886707
-2.902313
-2.097981
-0.982188
-1.819913
-1.777383
-3.017500
-0.571348
-1.376313
-4.201101
-1.742150
-1.104948
-1.814479
-4.216470
-1.372746
-2.617025
-3.103732
-8.397921
-4.760899
-5.644839
-2.404748
-4.652011
-1.141804
-2.301511
-1.296008
-3.779705
-2.951219
-2.504179
-7.473431
-6.735733
2.541886
-6.164093
-1.694317
-5.250185
-3.063423
-0.670522
-1.049700
-3.339518
-9.769134
-6.433592
-2.254144
-1.010414
-2.943649
-5.643832
-6.249117
-0.538891
-3.448167
-1.887434
-2.933155
-2.461490
-5.766504
0.377093
-3.198506
-0.139400
-6.176700
-0.672408
-6.201977
-3.495059
-7.219816
-3.044154
-3.126807
-2.187044
-1.650977
-0.435644
-0.581464
-7.047497
-2.019289
-6.105359
-6.385179
-0.640520
-3.035474
-7.479696
-2.884590
-1.559076
-5.520407
-2.067172
-5.170869
-0.545464
-1.892559
-3.940756
-4.709292
-6.569366
0.033961
-5.531834
-2.882940
-0.915619
0.698464
-3.463576
-4.719800
-4.621170
-2.219499
-1.792139
-2.746176
-5.240015
-0.502667
-5.197108
0.467354
-5.034246
-2.787048
-1.252638
-5.585323
-3.591534
-4.096148
0.583941
-0.395790
-3.616982
-2.273299
-3.755413
-5.746761
-2.587390
-2.967076
-1.652555
-8.013035
-1.621848
-3.045841
-6.120298
-6.738459
-1.019783
-4.344410
-2.087505
-8.353600
-3.717689
-0.617078
-1.812726
-5.303985
-3.294270
-0.168333
-1.968657
-7.244659
-4.605491
-2.147073
-1.764300
-2.067399
-6.981922
-2.841835
-2.028475
-4.133156
-3.525301
0.811536
-3.422232
-1.948412
0.048397
-1.622260
-1.290567
-2.805797
-4.378422
-2.687996
-2.998636
-0.646649
-2.236393
-1.415726
-0.547590
-3.606549
-3.129702
-2.476876
-0.062715
-2.128850
-4.533948
-2.366717
-1.760167
1.996896
-0.602798
-5.935854
-5.276162
-2.679735
-2.287106
1.058370
-2.646777
0.717017
-4.568002
-6.518605
-1.287662
-2.910382
-2.653967
-0.417607
-3.321593
-8.170943
-4.309659
3.301277
-0.378962
-1.568326
-9.107222
-0.698542
-2.822856
-3.570567
-4.608244
-5.561104
-4.440753
-7.682131
-1.556336
-4.089067
-3.469889
-1.552432
-1.570313
-3.544379
-2.269833
-7.420598
-4.716008
0.351670
-5.915227
-3.924074
-1.144215
-4.286363
-0.099523
1.123564
-5.769491
-0.831292
-0.394262
-2.958891
-2.566582
0.650139
-1.960190
-0.914394
-3.170537
-9.849889
-1.146186
-7.514082
-4.602998
-1.397954
-9.352222
-3.142997
-2.397780
-3.095641
-1.334347
-1.502234
1.157723
-2.762402
-1.949783
-3.947990
-0.283719
-1.683307
-4.234988
0.245951
-3.368309
-4.328700
-0.530797
-3.563400
-3.567600
-1.279156
0.227165
-4.669066
-2.051137
0.064699
-2.714945
-2.399445
-3.731143
-0.878772
-4.953607
-9.832971
0.747254
-3.866169
-0.200621
-2.779088
-8.764888
-5.583803
-3.170371
-3.331372
-8.530009
-1.698153
-2.778134
-3.391114
-0.127501
-1.870834
-1.257678
-2.873461
-3.094599
-7.201241
-1.753495
-2.972152
-2.719436
0.144204
-4.478759
-3.417634
-7.106870
-1.362964
-1.358968
-0.652749
-5.273936
-3.167466
-5.786187
-7.559877
-1.306204
-3.607144
0.937928
-3.414887
-1.236315
-2.862507
-0.673990
-3.248756
-9.907113
-9.489351
-1.587998
-6.819180
-2.549156
-3.904500
-4.811747
-4.830604
-0.586491
-3.131043
-4.773691
-4.325541
-2.229030
-3.254712
-2.942195
-6.099075
-6.834853
-1.413471
-3.407234
-0.507359
-1.149092
-1.632457
-1.346762
-1.472983
-3.363502
-3.589526
-7.549366
-2.715754
-2.561402
-3.044226
-5.514736
-2.604118
-6.113950
-3.934679
-2.298148
-6.966527
-3.997693
-2.593266
-3.059548
-5.838098
-2.462348
-3.228380
-1.791209
1.665994
-3.450544
-3.980866
-8.464153
-4.062326
-0.507596
-2.954034
-0.249866
-1.748040
1.195644
-4.607015
-3.080417
-0.649974
-4.053145
-2.196767
-8.064252
-1.447607
-2.039290
-0.944440
-8.816051
-2.091573
-2.505240
-3.898532
-2.519608
-1.801248
-2.618377
-2.505068
-3.135084
-1.888664
-4.647716
-2.959363
-3.111926
-5.472159
-1.238138
-1.054862
-1.252074
-4.394272
-7.621753
-1.272017
-3.009718
1.600177
0.954809
-3.234609
-2.221641
-4.325888
-8.172608
-5.665637
-1.584318
-2.404724
-1.314292
-2.539899
1.147722
-1.481289
-9.747735
-3.102325
-0.444607
-3.373568
-3.167701
-5.004981
0.476939
-7.580125
-4.349426
0.268519
-7.842086
-1.998966
-3.647326
-7.385502
2.512266
-1.894508
-2.600944
-7.923637
-4.571594
-9.324431
-0.893820
0.590840
-10.159914
-1.314753
-4.018497
-4.704068
-2.798678
-5.809986
-10.949938
-7.447480
-2.107892
-5.837503
-7.141076
-2.131099
0.129993
-1.304064
-2.198774
-8.236978
-2.741033
-0.847808
-2.576945
-3.177913
-3.782256
-3.663127
-7.677355
-9.025819
-1.491560
-5.012576
-1.496968
-2.440097
-9.017184
-6.376007
-0.947071
-0.056166
-4.456419
-5.665973
-7.593123
-4.286668
-3.634938
-3.859160
-1.644604
-2.587181
-3.955607
-2.029151
-1.917923
-3.336096
2.449132
-2.823604
-3.350224
-1.060146
-1.387945
-2.847353
-2.530356
-3.369765
-9.315130
-3.686588
-1.244373
-9.350324
0.157326
-6.565323
-3.012306
-7.255477
-9.767138
-8.185629
-2.682010
-1.385226
-4.299222
-7.002211
-4.866207
-5.816252
-5.608473
-0.663683
-8.222301
-3.334828
-2.371950
0.848683
-3.989196
-9.251464
-7.968074
-2.405606
0.149887
-1.138383
-3.231500
-5.620104
-1.248194
0.114363
-0.316857
-8.656185
1.743842
-2.436656
-5.342224
-1.853497
-2.163246
1.205013
-5.351827
-8.130283
-3.574426
-5.349364
-5.116525
-8.166263
-4.367671
-7.036768
-7.054520
-2.236804
-0.721284
-4.179090
-2.458116
-2.464698
-0.630632
-4.363241
-4.187294
-6.753932
-2.814125
-1.804310
-7.204737
-3.484455
-2.118121
-1.106551
-2.358172
-1.931956
-5.686825
-7.040123
-3.943549
-5.233285
-4.572589
-2.803348
-0.138602
-8.109288
-1.744746
-3.151290
-3.699488
-0.515622
-3.357049
-0.988209
-3.509056
-4.323832
-5.544046
1.468049
-4.841186
-2.225089
-3.934546
-7.349565
-0.642900
-3.134823
-2.233968
-1.470427
-1.773432
-1.337688
-0.204385
-1.749095
-3.667062
-7.139046
-7.865073
-2.271035
-1.699165
-1.601915
-3.433979
-2.403170
-0.594940
-6.493908
-3.486485
1.021193
-4.873919
-1.278442
0.393551
-6.979758
-6.721116
-4.149859
-4.822228
-0.710923
-4.451193
1.542175
-3.587970
-1.883173
-2.259438
-3.651768
-1.194357
-2.768631
-5.407195
2.915524
-0.687088
-5.602368
-10.157120
-0.126456
2.922469
-0.800547
-1.506842
-1.835818
-3.254922
-4.556914
-2.030835
-9.107464
1.560469
-1.768935
-5.618656
-3.038739
-2.130413
-4.043018
-2.170454
-1.371088
-5.330809
-4.253989
-4.535315
-2.223532
-0.638076
-6.121286
-5.693120
-5.040191
-7.840503
-4.258244
-4.263544
-2.342924
-2.975211
-4.100196
-5.975409
-0.609151
-9.769054
-2.165354
-3.640322
-1.235217
-2.456881
-4.427091
0.102994
-2.332371
-3.849216
-2.522130
-0.575184
-4.418921
-2.323381
-4.646938
-5.415843
-6.750003
-5.559628
-1.388736
-2.967484
-3.866364
-10.216615
-5.097797
-4.189499
-4.615893
-6.981971
-2.289195
-4.347215
-0.816066
-4.042892
-3.562824
-5.860961
-6.170040
-1.206104
-2.190855
-2.807420
-6.067753
-2.934660
-3.059813
0.566937
-5.985589
-1.396381
-1.163046
-1.837950
-4.695711
-3.447148
1.285232
-3.549981
-7.538054
-3.730492
-4.420429
-0.529331
-0.405839
0.184765
-4.104874
-2.773467
-4.996694
-0.745521
-3.974221
-4.639020
-5.014248
-1.932694
-0.862715
-1.226247
-1.849509
-4.778531
-1.439489
-3.551562
-1.866490
-1.032020
-4.948649
-7.717027
-2.997579
-1.694607
-1.741261
-1.368053
-3.507806
-2.808454
-3.070167
-1.116437
-9.069686
-7.906800
-5.601677
-3.950559
-2.778648
-2.837167
-3.200261
-3.006866
-5.367766
-5.350371
-8.500935
-1.750995
-4.144258
-8.143757
-5.996842
-5.415090
-0.064835
-0.525885
-0.350498
-2.902106
-4.057389
0.773841
-2.636917
-0.989714
-0.156733
-5.280668
-3.155740
-2.557562
-1.151478
-2.169840
-5.688986
-2.938282
-5.224847
-4.490807
-0.332400
-3.433647
-8.920859
-6.001371
-3.655302
-0.840414
-4.445096
-1.841360
-1.313765
-1.666033
-4.589895
-1.267797
-1.621076
-1.934236
-0.183794
-3.022490
-1.815257
-2.943880
-5.211925
-3.238806
-2.602959
-0.768668
-2.099604
-5.787118
0.818536
-2.988022
-6.288795
-3.698891
-6.908629
-2.155522
-3.473677
2.179670
-3.423326
-3.254564
-3.684221
-1.672403
-2.153361
-3.143173
-7.624732
-3.976793
-8.450298
-3.150790
-1.149791
-1.238028
-0.683265
-4.201663
-2.798134
-2.825610
-9.401456
-0.607926
-1.716289
-2.275780
-5.118787
-7.481205
-6.546619
-9.937068
-0.620841
-1.316698
-5.462928
-2.597353
-1.262598
0.494205
-2.023959
-4.313589
-6.894362
-4.102231
-3.102509
-2.936412
-7.821624
-1.707497
-2.350608
-5.688883
-2.157197
-3.951997
0.228095
-5.828273
-4.334025
-2.889802
-1.321361
-9.431353
-2.158807
-3.749711
-0.375785
-9.169802
-7.336473
-1.528869
-1.405727
-0.775922
-4.523679
-3.169343
-3.436600
-4.263397
-2.289921
-1.923960
-3.162419
-4.007905
-8.037327
-2.470709
-2.558621
-0.211044
-2.571916
-0.475793
-4.349462
-7.733753
-2.996778
-1.200270
-1.514182
-4.036269
-3.069250
-6.954867
-6.552765
-2.671823
1.119133
-2.307135
-0.278787
-7.030442
-4.293761
-2.181886
-2.394612
-0.428462
2.074300
0.334163
-3.397019
-9.285595
-3.594194
-3.914266
-8.330523
-2.925623
-4.933908
-0.950706
-4.726258
-0.571572
-8.965325
-3.280950
-4.191048
-3.409564
-4.707105
-2.358851
1.264654
-7.465592
-1.661263
-9.242231
-8.683978
-1.978837
-5.383598
-7.175961
-1.426321
-3.408960
-0.793772
-1.519999
-1.209311
-7.340906
-3.130476
-8.231146
-4.184453
-2.287035
-6.990848
-7.090689
-2.868600
-0.527094
-8.932369
-3.655019
-0.407418
-7.299973
-4.599121
-3.542782
-9.174725
-3.003315
-3.394327
-8.437457
-2.846491
-0.891971
-2.071289
-3.206966
-5.746820
-4.219954
-1.683945
-0.788374
-4.789133
1.679354
-7.539039
-2.315275
-0.456468
0.623928
-1.309456
-3.615475
-4.933877
-2.986372
-2.778255
-5.057811
-7.326271
-2.882738
-2.852661
-7.989267
-2.963011
-4.758434
-7.481562
-3.422292
-5.909800
-4.490194
-1.208842
-4.617688
-7.859982
-0.578851
-6.075693
-3.908576
-2.087931
-7.002465
-2.687527
-0.713030
-9.570908
-1.113804
-5.710365
0.112664
-4.929472
-5.889186
-1.379217
-0.299150
-3.873640
-4.649495
-0.031885
-0.701745
-4.491211
-2.617599
0.642979
-3.494487
-4.484259
0.879703
-4.120909
-3.333877
-0.785739
-2.698464
-0.027424
-5.235007
-1.365528
-2.542224
-0.959250
-5.411448
-8.981713
0.368633
-4.609851
-0.663095
-4.671443
3.318965
-1.748425
-4.974007
-6.309681
-3.248559
-2.790180
-0.246764
-2.733591
-0.209272
-2.029824
-2.693349
-8.820551
-8.014363
-2.780542
-7.355034
-3.724584
-3.446954
-9.668894
-1.545697
-9.397304
-2.773097
-1.274354
-3.777650
-9.204587
-8.088612
-4.830669
-2.595015
-2.571028
-2.034389
-3.340208
-3.005195
-6.592764
-0.157822
-3.068944
-0.604663
-1.671742
0.117293
-1.889202
-1.079660
-2.848052
-2.885479
-5.525308
-2.127289
-5.271443
-3.403338
-2.736945
-7.109208
1.787121
-4.118825
1.687403
-6.425555
-7.967724
1.507178
-0.704807
-2.191372
-6.860694
-3.826618
-6.072972
-3.613459
-2.958640
-3.378981
-5.149029
-3.157482
-6.639210
-1.267989
-1.924186
-3.563056
-7.565881
-10.121278
-6.774412
-3.634541
-5.628259
-1.992296
-4.182051
-8.798768
-3.524177
-4.038150
-2.750931
-2.856587
-0.963139
-9.999182
-5.160541
-0.231123
-10.773249
0.025698
-5.076791
-0.381318
-4.195470
-0.976161
-8.979338
-9.836192
-1.008642
-5.724464
-0.008634
-5.094627
-1.676734
-3.047848
-1.091717
-3.309389
-1.632766
-5.384530
-4.573792
-3.042881
-3.012038
-0.240289
-9.347633
-2.493609
-2.181170
-2.968541
-2.705272
-3.893230
-3.140816
-2.075052
-4.287142
-3.645495
-0.129845
-1.718217
-3.682751
-0.158874
-2.846273
-6.669128
-2.135557
-1.075650
-5.163174
-4.270546
-2.859665
-7.813195
-2.896766
-1.501728
-8.254168
-7.079987
-0.348575
0.732087
-2.997905
2.084580
0.784159
-5.048932
-3.305135
-2.229460
-3.758100
-2.283089
-7.046221
-7.938654
-1.391418
-0.297803
-3.611111
-3.040094
2.922890
-3.510870
-7.419359
-0.268681
-6.873054
-0.534142
-2.296804
-0.898957
-7.221447
-4.699975
-3.699959
0.074259
-10.052799
0.827214
-9.818142
-2.283723
-2.387404
-2.244504
-3.660844
-1.896766
-0.006630
-4.192393
-2.075571
-3.102484
-3.269058
-6.580531
0.768684
-6.137450
-1.379431
-2.442501
-5.361212
-4.892850
-0.903671
-3.592939
-0.094223
-1.872718
-9.860387
-1.151570
-8.188828
-1.717013
-9.017278
-4.319233
-6.633445
-0.380412
-0.452366
-8.543082
1.258165
-1.710605
-3.157032
-2.530209
0.420830
-8.701121
-4.146832
-4.121800
-2.583724
-2.091915
-2.323679
-1.079033
-1.447530
-5.779550
-2.751087
-1.964599
-0.860505
-2.525460
-1.610753
-7.882208
-5.464584
-1.048022
-1.906834
-1.740744
-3.334818
-7.302322
0.757473
-2.951510
-2.688656
-4.155517
-8.996575
-7.180368
-2.139843
-5.389646
-3.132610
-4.846237
-8.295263
0.844964
-0.227131
-5.788352
0.656729
-7.973191
-6.260516
-3.542259
-4.439538
-2.650661
-6.073950
-4.479305
-2.563651
-4.061368
0.125969
-3.383910
1.691082
-1.047930
-3.344174
-5.123724
-2.962102
-1.706524
-7.070906
-3.040158
-2.453911
-0.627539
-6.746951
-0.456601
-9.668266
-3.294652
-1.167337
-1.554927
-0.979988
-2.672283
-5.421536
-1.656786
-2.177449
0.319457
-1.335208
-2.896898
-3.703359
-3.980138
-1.596640
0.074689
0.078739
-0.576881
-2.915545
-1.843240
-4.715692
-7.672225
-7.270553
-7.879279
-7.108912
-3.526637
-4.057365
-7.461778
-4.763116
-9.399199
-6.681078
-4.010937
-2.530344
0.894297
-5.614767
-4.144004
-0.456701
-3.771263
-5.225586
-4.355920
-0.368823
-4.186399
-2.209854
-9.659480
0.457968
-5.250274
-3.407577
-3.226741
-7.842319
0.577201
-8.173439
-1.829475
-5.032436
1.100256
-8.717763
-4.658028
-8.008029
-3.179784
-4.503927
-5.231891
-4.526144
-1.843576
-5.857096
-5.205306
-8.721107
-10.084336
-2.336577
-3.121876
-2.394206
-3.125268
-1.783820
-6.845585
-2.668691
-0.701233
-7.461609
-0.881554
-6.226181
-5.216021
-5.203603
-2.936917
-3.357698
-3.348575
0.748222
-1.802735
-2.242754
-0.290075
-3.991342
-3.346380
-1.841167
-5.587272
-3.746741
-9.791820
-1.495324
-4.966467
-3.841180
1.455990
-2.923904
-4.424723
-2.597724
-4.485979
-0.012584
-3.772769
-8.406991
-0.782725
-3.569547
-1.930222
-6.662677
-4.130488
-2.589921
-0.940204
-4.001734
-3.029282
-5.493300
-3.927295
-0.696830
-1.684526
-7.681716
-0.988384
-5.136918
-8.539049
-1.803316
-4.064036
-3.975627
-5.171350
-2.119792
-2.961965
-3.124371
-1.543449
1.110067
1.745801
-8.995564
-3.341147
-0.934189
-8.320617
-2.653841
-3.599685
-0.846935
-2.727725
-8.808315
-1.117643
-3.006680
0.143051
-3.468984
-4.609489
-3.215360
-1.675506
-4.489317
0.149447
-1.676632
-0.685948
-2.550890
-4.276749
-4.178104
-9.201331
-0.686029
-3.220426
-7.559434
-1.572524
-3.692407
-8.179085
-1.367715
-2.139683
-5.337338
-2.713378
-4.878338
-2.740633
-9.115892
-5.771559
-5.732808
-2.026922
-9.082367
-2.800776
0.839369
-2.235631
-5.544299
-2.336805
-4.373770
-2.480765
-4.977364
-1.700375
-9.956671
-6.873606
-0.103390
-4.480665
-1.030918
0.538132
-6.226390
-8.012032
-0.799192
-1.141833
-2.115112
-1.856844
-3.853349
-4.508059
-1.325343
-2.226726
-0.384897
-4.228492
1.304124
-9.366062
1.710556
-4.446936
-6.113486
-4.203294
-3.469532
-5.527986
-2.870614
-4.561710
-2.558693
-7.311797
-2.368983
-0.901495
-5.064991
-2.289995
-3.329088
-5.945635
-3.789120
-3.161500
0.023014
-4.420691
-11.300331
-3.754359
-8.184841
-2.906018
-8.272533
-6.210348
-3.277740
-5.916951
-4.761756
-4.646321
-0.879390
-1.366130
-4.456780
-6.831973
-6.627264
-9.133719
2.745495
-2.054409
-5.347540
-1.767094
-5.123736
-2.592099
-5.861974
-4.177710
-0.131947
-1.852317
-6.417148
-1.191331
-2.682425
1.308820
-2.969042
-8.649978
-6.358492
-6.008308
-2.604484
-0.826564
-1.749890
-1.114896
-2.732584
-7.529267
-9.539289
-1.297082
-6.527382
-9.875685
-1.110389
-4.427161
-0.133849
-4.644718
-1.823625
-6.530959
-2.480757
-3.212998
-3.813284
-3.279350
-4.057328
-8.804378
-0.320436
-1.627100
-4.548082
-5.338140
-3.301044
-3.221359
-2.993049
-8.562508
-3.299822
-8.753595
-3.656617
-4.432416
-9.230126
-0.504237
-5.185431
-6.850869
-0.770311
-4.434752
-0.893223
-3.229764
-6.504433
2.360180
-5.270806
-4.441445
-6.734323
-8.123857
-9.478499
-8.734395
-7.684422
-6.691070
-2.843693
-5.839072
-3.160382
-0.081906
0.104156
-8.949674
-9.161177
-1.070838
-7.066043
-4.781448
-8.636382
-3.296766
-4.593230
-6.023944
0.578653
-4.970413
-4.566923
-1.236838
-8.133124
-6.626695
-6.390128
-0.444950
-3.354426
-2.565756
-1.766847
-5.922838
-7.330960
-3.939223
-1.160318
0.697644
-8.445436
-3.806065
-4.430112
-5.474543
-0.035236
-1.122600
0.460045
-6.544218
-7.337736
-0.894959
-4.584374
-6.605743
-2.251644
-9.182003
-2.245784
-3.607563
-9.142913
-4.661263
-8.020513
-2.348165
-1.398330
-2.004658
-4.218748
-1.067715
-5.400891
-1.905612
-4.537762
-9.030297
-10.285504
-1.927295
-5.159320
-4.701839
-0.931206
-5.642641
-3.535264
-7.760737
-3.242987
-3.809422
-9.783005
-2.995628
-3.120803
-6.544693
-4.982269
-2.875427
-3.645137
-7.760569
-2.890763
0.028742
-1.969904
0.525615
-6.378595
-8.285212
1.184320
-8.099804
-6.273780
-0.263169
-0.282230
-8.518497
-4.809188
-1.953944
-7.086225
-7.565598
-7.452021
-5.640820
-8.206683
-0.474348
-1.885003
-5.571861
-1.863357
-7.079183
-3.897207
-2.376351
-6.308222
-1.750415
-1.926781
-4.612631
-6.974413
-4.010103
-1.942833
-4.184759
-8.262264
-0.523179
-0.478222
-9.883611
-7.603810
-7.281939
-2.299036
-0.444727
-2.304460
-2.394759
-3.744469
-1.431204
-1.602696
-6.954795
-2.718739
-1.255071
0.869552
-3.810236
-2.240301
1.244784
-2.539262
-9.772965
-2.914539
0.656172
-4.665573
-8.874823
-4.963941
-2.828285
-2.735191
-8.371556
-7.183587
-6.252828
-1.642367
1.667272
-6.996521
-5.919835
-1.472788
-2.933699
-0.726004
-2.208138
-3.565575
1.274170
-1.632152
-3.588887
-1.654716
-2.177948
-1.858660
-4.539484
-3.248514
-8.377876
-5.857610
-1.624707
-2.437542
-3.156571
-3.099264
-1.146693
0.984466
-8.601808
-4.763882
-3.225077
-3.715721
-6.546104
-3.513876
0.029495
-1.758361
-1.531011
-1.612292
-0.889097
-4.299360
-1.399242
-4.167987
-5.353924
-1.130969
-2.069730
-9.453940
-3.123270
-4.225142
-2.182433
-2.835587
-5.097375
-1.212620
-2.019581
-3.323309
-4.426234
-7.084773
-2.853326
-2.375378
-3.567064
-4.591468
-1.562387
-4.349522
-6.444362
-5.217257
-4.250373
-3.576694
0.665181
-8.619724
-3.886158
-1.777898
-2.639220
-0.601548
0.824968
-8.198259
-3.928539
2.569318
-2.103740
-5.115834
-1.093024
-0.240923
-0.072703
-2.824964
-1.312507
-1.653818
-4.237369
-1.926600
-6.209757
-9.129578
-7.307532
-3.653504
-3.457818
-5.817252
-0.649584
-2.046890
-6.985508
-1.552231
-3.901570
-5.771595
-7.784719
0.102365
-2.386150
-2.675316
-1.323922
-5.004367
-4.502690
-5.839180
-6.223091
-5.295686
-7.338870
-1.794626
-5.391804
-1.784565
0.634259
-0.591814
-1.339424
-9.477120
-6.432324
-3.662826
-9.118115
-7.558012
-1.896859
-1.615006
2.176016
-6.420471
-1.770277
-5.469193
-9.530841
-3.172794
-3.933444
-0.456675
-8.182511
-2.101106
-9.906697
-3.710467
-6.525508
-1.988042
-2.257531
-3.033716
-1.991939
-9.031264
-0.855211
-3.690263
-0.868897
-7.736164
-1.699425
1.500315
-2.896032
-3.544285
-4.924721
-1.778614
-6.244043
-4.214007
-3.323086
2.225592
-5.784982
-2.655308
-8.340640
-4.735792
-4.227464
-1.074387
-6.584928
-4.687573
-2.253836
-4.300352
-0.488908
-3.932680
-6.429093
-6.268143
-1.422831
-4.477603
-1.948673
-6.813830
0.059584
2.491663
-4.408188
-8.333598
-2.720717
-3.538093
-1.616488
-0.618467
-4.754459
-4.192281
-7.875022
-1.614330
-5.836040
-1.673469
-0.675277
-5.003504
-5.354142
-2.612386
-2.833173
-3.481129
-2.293866
-2.726698
-1.709867
-0.684602
-3.005184
-2.065435
-2.791651
-6.052490
-5.880909
-1.742144
-4.037657
-3.959074
-4.552107
-0.946893
-6.429375
-7.901592
-8.336477
-8.317399
-5.349660
-4.293568
-1.028906
-2.180237
-7.844681
-2.232231
-0.044816
-9.450018
-0.755204
-4.118029
-0.240522
-2.564077
-0.716901
-3.941056
-2.435240
-1.863783
-2.197704
-1.955370
-3.599198
-4.150608
-4.857372
-2.690910
0.812701
-2.881852
-2.178794
-3.118311
-0.754832
-5.593027
-1.784882
-5.560239
-5.238286
-3.491950
-1.864026
-8.756676
-2.108073
-5.342865
-1.398895
-2.730391
-2.177690
-3.903427
-5.217059
-1.812007
-1.276062
-5.487736
-3.066351
-1.744858
-7.226049
-0.985759
-2.603679
-3.812518
-0.239315
-1.492951
-3.399812
-4.195292
-0.990983
-3.795747
-8.309819
-3.764398
-6.011944
-1.616505
-0.521129
-0.291533
-4.102379
-5.165975
0.380928
-6.399438
-8.496396
-7.101772
-1.601434
-3.038573
-2.249083
-9.423700
-6.935594
-3.382371
-7.668099
-2.465734
-4.138151
-0.898688
-5.547350
-8.456537
-8.900951
-4.636646
-5.957770
-4.587324
-8.893517
-9.247576
-3.109761
-3.014492
-6.047520
-6.885983
-5.323747
-0.839450
-0.554909
-0.722313
-3.149383
-2.887646
-3.432509
-2.820761
0.533033
-3.719400
-4.562056
-2.594619
-2.972168
-1.478240
-3.647522
-9.857540
-2.819369
-4.973396
-9.318332
-2.390659
-0.973996
-3.017248
-0.226479
-6.587229
-1.980479
-9.101959
-7.465452
-8.985509
0.719925
-2.410575
-5.858292
-1.301649
-3.416762
-2.127068
-7.599255
-5.218560
-5.663089
-5.049814
-1.005032
-4.476246
-0.705707
-4.278236
-6.566435
-7.554859
-2.736470
-4.047318
-4.850155
-4.447621
0.118982
-1.783895
-3.649488
-0.886175
-6.390681
-3.514204
-7.601235
-2.446190
-8.348860
-1.547464
-0.787577
-9.742568
-4.865905
-4.371032
-3.859138
-7.769913
-8.865720
-6.187975
-4.001593
-2.671521
-0.944786
-1.434511
-2.254461
-4.620170
-1.560805
-5.391541
-4.485312
-1.290104
-3.849986
-4.547183
-3.908427
-2.367539
-1.433921
-4.750909
-4.880976
-3.639598
-1.713249
-2.619286
-6.174359
-2.004513
-5.249847
-4.758384
-4.826608
-2.761634
-2.374097
-6.743585
-7.340101
-8.238119
-5.583471
-0.936649
-9.186741
-6.283088
-5.970796
-7.005968
-6.459224
-5.126518
-0.038465
-3.801131
2.730556
-2.843050
-6.634466
-6.458255
-2.184565
-2.771967
-4.166624
-7.867843
-5.294580
-3.705757
-0.063975
-2.568310
-9.081447
-4.938959
-0.976772
-1.937142
-9.665233
-8.750872
-0.744619
-1.603985
-5.881135
-4.595734
-1.835464
0.038300
-3.963459
-3.682124
-7.661955
-3.473182
-8.277911
-3.336643
-0.785090
-2.150295
-8.647601
-3.628301
-1.175113
-1.604688
-1.724413
-4.696228
-3.148212
-4.821311
-3.748280
0.890946
-7.644871
-1.537959
-0.913355
-6.177143
-9.253423
-4.110123
-3.090572
-8.613146
-3.842769
-2.849255
-5.283846
0.544950
-3.731126
-1.829977
-4.662267
-6.626230
2.036922
-6.705596
-2.269455
-2.690991
-3.899411
-2.770889
-2.378728
-8.683425
-2.185431
-9.859426
0.683116
-4.606010
-4.668980
-4.997405
-2.491513
-6.270240
-9.928308
-2.657665
-4.169814
0.203360
-6.461684
-4.289956
-6.971177
-0.702668
-0.997279
-4.393334
-1.095805
-1.996840
2.294786
-9.301567
0.201453
-4.821061
0.299133
-2.071324
-4.593109
-1.327934
-2.277251
0.198212
-1.750608
-4.913655
-3.609509
-4.967983
-0.424923
-1.475877
-7.913848
-2.103572
-0.665156
-2.504713
-4.551321
-4.330665
-5.951517
-5.955175
-1.054072
-8.256835
-5.782998
-2.107195
-3.124102
-2.009200
-4.912706
-4.587808
-0.904697
-4.415226
-8.430682
-4.244823
-4.166933
-6.855849
-3.497892
-3.663741
-0.313718
-2.235165
-5.305949
-2.625088
-4.250299
-3.572238
-7.049971
0.550193
-0.893972
0.552605
-6.486282
-0.965240
-5.694457
-3.571751
-7.277258
-8.853626
-3.403355
-4.411077
-4.703035
-9.757216
-8.764624
-5.994320
-0.390702
-5.179192
-6.237267
-3.517505
-4.641253
-3.331627
-2.792155
-1.932661
-2.226837
-2.418260
-1.476396
-5.361523
-9.684042
-1.864579
-4.598343
-7.926199
-4.041987
-7.102066
-7.309988
-2.854148
-2.586484
-2.984326
-4.500519
-0.702785
-5.289701
-4.409581
-4.235733
3.006055
-5.431986
-2.561692
-3.669136
-1.671872
-3.546952
-3.135480
-2.740805
-8.015184
-1.576866
-5.612970
-3.485959
-9.111886
-5.214865
-0.430082
-1.217127
-1.890705
-9.043911
-2.769200
-1.963212
-2.280409
-4.880399
-2.722163
-7.526157
-1.818001
-6.942636
-4.420310
-5.585960
-3.801494
-3.126287
-0.332195
-6.099874
-3.242188
-4.472903
-4.564054
-1.415159
-6.870987
-2.413162
-4.705550
-5.652259
-5.822106
-6.207176
-3.174895
1.004703
-8.639088
-4.451315
-9.373569
-4.040949
-3.315459
-4.524251
-6.942075
-4.688739
-5.012069
-5.571360
-5.884837
-1.609656
-7.473404
-7.352713
-7.752337
-3.470631
-1.873710
-2.608022
-6.575044
-0.575110
-2.393722
-3.186710
-8.936979
-3.090677
-3.538163
-8.914194
-4.961664
-3.785652
-3.626237
-4.942283
-8.117601
-7.736747
-10.023784
-6.630447
-6.199453
-7.956015
-3.055579
-4.779586
-3.269361
-3.603239
-3.748333
-3.534761
-7.297425
-1.785389
-4.077849
-4.285706
-4.516859
-7.636584
-9.974058
-3.669407
-5.813907
-3.534396
-8.450566
-1.983794
-9.372091
-8.110522
-2.567118
-8.342258
-1.456244
-0.839504
-5.088898
-3.906241
-1.149997
-3.750453
-0.553492
-7.234504
-8.483714
-7.421291
-2.614119
-7.226889
-1.302429
-2.842830
-6.610962
-3.469821
-4.876657
-5.420791
-5.757832
-9.365751
-7.661673
-6.938113
-9.657589
-3.368323
-1.516618
-4.652206
-3.151970
-3.323217
-1.425194
-1.612065
-9.351293
0.037091
-6.395430
-0.279871
-8.471165
-1.232935
1.837517
-9.687699
-1.699806
-2.923617
-4.352921
-1.872460
-2.554653
-7.250133
-2.755309
-3.856148
-0.299559
-4.716526
-2.286049
-2.454145
-6.478373
-6.663070
0.570003
-5.577377
-3.910949
-2.348626
-4.102965
-1.533224
-7.457438
-0.128258
-4.641798
-6.543990
-3.719095
-4.966307
-2.076946
-1.188173
-6.202997
1.084367
-2.075328
-1.524377
-7.420973
-6.987819
-1.054601
-6.829443
-3.252198
-5.629253
-4.443725
-4.650673
-2.561687
-7.002161
-5.356350
-5.892878
-4.804466
-8.642074
-1.705462
-1.783914
-4.851531
-4.308430
-7.258225
-5.142355
-7.611610
-4.618369
-3.747953
-9.544683
-2.932802
-5.092366
-5.581886
-2.585415
1.014783
-3.605935
-3.520648
-3.330142
-4.490785
-3.278038
-5.192790
0.526739
-2.725236
-4.587488
-9.372477
-5.385308
-8.389150
-1.353552
-3.758942
-5.631701
-5.410017
-4.532069
-0.714567
-1.593042
-4.796048
-0.617199
-0.643032
-5.741606
-11.158379
-4.230695
1.757227
-7.486279
-3.019238
-5.977979
-5.233920
-3.010144
-9.209176
-7.029864
-8.405800
-4.987304
-3.325079
-4.466937
-5.411145
-5.115427
-4.091553
-3.427655
-1.380204
-4.413111
-9.805473
-8.251206
-5.046399
-1.276457
-1.996336
-1.005551
-1.658266
-8.810591
-7.997722
-5.062381
-7.565474
-6.019294
-3.114071
-7.509894
0.515828
-3.146394
-1.963385
-9.331240
-9.467239
-0.321167
-3.857088
-2.481086
-8.040863
-5.986581
-0.063213
-3.000793
-4.463222
-2.271269
-2.658867
-2.252521
-7.620200
-6.427117
-7.771286
-3.438880
-2.271050
-2.441361
1.790161
-2.362479
-4.074171
-5.083037
-3.805299
-2.952580
-3.250207
-4.098764
-9.466592
-0.303611
-7.242560
-4.913108
-8.558956
1.413401
-8.613735
-3.655764
-2.851300
-1.873889
-6.624043
-4.620183
-0.772179
-1.760010
-0.168183
-2.244026
-1.626269
-2.003890
-3.868207
-0.419990
0.835762
-2.663568
-2.745362
-4.546013
-8.901138
-4.182806
0.406643
-7.039522
-4.368830
-3.128884
-9.222871
-1.127795
-2.011522
-7.219193
-8.244353
-1.713732
-4.576745
-1.510607
-0.835289
-0.707159
-4.324539
-9.753147
-1.895693
-2.150860
-5.029847
-1.013744
-8.685980
-2.328381
-1.195015
-2.526350
-2.078627
0.563323
-4.501955
-2.270750
-1.945724
-9.893761
-5.230747
-2.847970
-5.212926
-1.929581
-3.773958
-0.804840
-7.624606
-7.134859
-4.501312
-8.347555
-7.790629
-7.406761
-10.075725
-0.801707
-5.457864
-3.186478
-2.737822
-2.545638
-6.803922
-6.993448
-2.950512
-6.651244
-5.226343
-3.034043
-5.004607
-5.115845
-4.216412
-6.915329
-1.638530
-7.314860
-5.252283
-1.362348
-1.804732
-6.913846
-5.384452
-4.007869
-6.021609
-4.818881
-3.145550
-2.169025
-1.603524
-7.689099
0.709101
-7.755597
-7.647769
-7.957692
-0.807612
-3.749037
-4.454647
-1.624075
-7.131777
-3.670789
-3.739358
-3.423605
-0.394315
-2.914250
-7.090411
-8.155007
-1.856439
-4.085947
-8.328066
-0.728519
-3.221115
-0.928379
-1.348528
-2.591898
-5.386286
-7.023492
-9.824672
0.680943
-4.569005
-5.909674
-4.320532
-6.377920
-1.784324
-1.889250
-0.969315
-4.803640
-3.225964
-2.078503
-3.118756
-0.768256
-1.131627
-0.873508
-0.742854
-1.516040
-2.966027
-2.746409
-5.996653
-7.975005
-2.463141
-3.841660
1.487120
-3.687508
-1.804199
-2.354982
-1.784139
-3.925212
-6.127772
-5.329280
-6.659756
-2.425076
-1.940751
-2.223651
-7.731998
-2.661556
-4.624947
-4.415205
-3.439950
-4.905385
-3.169070
-7.049359
-6.429310
-3.308322
-0.381808
-3.402497
-2.764530
-0.983227
-2.688371
-1.099800
-7.435089
-8.319182
-0.027303
-9.591959
-3.918650
-1.290224
-4.390110
-5.422746
-2.166198
-2.309378
0.440500
0.003231
-4.714835
-7.212543
-5.622974
-2.224849
-1.549301
-5.304285
-2.226423
-4.708279
-2.622904
-9.810593
-9.183242
0.835582
-5.102762
-3.101192
-2.568410
-0.713070
-4.569900
-4.839581
-9.399904
-6.465623
-8.323668
-3.279589
-6.307515
-2.381359
-3.952950
1.396580
-9.682184
-8.719481
-3.026406
-3.615247
-3.180382
-1.670188
-5.626040
-4.868930
-1.497108
-8.890910
-1.265679
-0.405834
-0.767606
-6.192943
-0.489624
-5.306561
-5.047646
-2.492141
-4.457891
-1.895650
-9.074604
-2.321812
-3.676251
-2.555978
-0.643093
-3.590387
-10.866718
-2.846740
-8.945744
-7.743055
2.527544
-9.958622
-5.966768
-2.939336
-6.636707
-3.629857
-1.887153
-0.272923
-9.292937
-1.244800
-3.397674
-9.763494
-0.587169
-7.622054
-1.553133
-2.041847
3.069205
-8.027403
-1.665228
-1.649933
-9.468484
-5.684576
-9.817407
-3.171435
0.007157
-2.770893
1.595183
-4.340452
0.056806
-6.093748
-2.220516
-4.610483
-3.995930
-1.284506
-9.952578
-3.283995
-3.028015
-0.570655
-4.270344
-1.701317
-3.449757
-6.200873
-1.298744
-0.938713
-9.590563
-0.989829
-1.904549
-8.939074
1.518222
-9.989423
-2.806712
-4.851591
-4.803115
-7.808650
-3.391700
-0.879584
-4.263870
-3.907266
-4.897654
-9.903849
-2.984711
-3.015090
-6.506186
-6.860716
-5.914781
-5.590620
-2.786405
-6.345500
-3.588422
-9.719946
-1.374803
1.244864
-4.522021
-5.112428
-1.243501
-7.717144
-6.644719
-2.116983
-4.624861
-9.143568
-8.716731
-2.630274
-3.734216
-0.453027
-4.226373
-2.786679
-5.156331
-2.418370
-6.629441
-4.207212
-3.404448
-2.284463
-5.812838
-3.999227
-6.802604
-4.156925
-4.627207
-9.224068
-4.176617
-2.835313
-5.764606
-5.421031
-1.032112
-7.782197
-7.409963
-8.806747
0.323935
-3.864960
-5.160969
-4.410478
-6.171544
-1.048104
-3.556521
-6.192451
-1.576953
-4.705977
-3.398401
-9.141905
-6.508185
-3.366113
-12.044897
-2.295712
-2.893344
-3.886483
-2.036165
-5.839767
-2.914428
-9.210832
-4.687058
-6.015498
-5.088997
-6.141087
-5.257758
-4.521253
-3.282812
-3.610449
-2.485047
-9.557815
-4.289136
-1.363282
-2.000839
-4.948903
-2.083881
-0.775004
-4.324077
-3.516587
-1.793437
-1.126447
1.169444
-2.177758
5.054823
-2.037333
-5.059725
-2.266213
-1.890828
-0.209096
-1.875764
-4.942841
-4.342020
-6.771596
-2.865233
-8.391826
-5.704160
-2.807320
-1.682319
-4.534453
-3.157353
-5.772342
-3.385782
-2.820435
-1.332627
-1.766706
-4.063941
-5.285200
-1.332561
-1.373956
0.632311
-7.145055
-7.858307
-0.783991
-6.871723
-7.271348
-9.007530
-2.091020
1.103982
-2.143077
0.942228
-0.892305
-3.957027
-4.443864
-2.116296
-0.956446
-5.649865
-0.581183
-9.821687
-4.783714
-5.059003
-6.531109
-3.333560
-5.928643
-1.133009
-8.275530
-5.985587
-7.336018
-1.396802
-5.426383
-1.536155
-7.635053
-5.977602
-1.766095
-9.789857
-2.361972
-7.341650
-0.578924
-3.950759
-5.454223
-2.942893
-8.129857
-1.715053
-8.058140
-4.303955
-5.221577
-3.504149
-8.803695
-0.977016
-2.788877
-5.214576
-6.220028
-9.538490
-5.118540
-5.316306
-2.746591
-9.305284
-1.687785
-0.340799
-2.436117
-8.048942
-3.494945
-3.664577
-4.301579
-2.015952
-4.321778
-9.494854
-3.257120
-7.038408
-3.783936
-1.129248
-2.980902
-2.985045
-0.194022
-3.803108
-2.123218
-9.265733
-3.914510
-3.286999
-7.597197
-1.360027
-2.983835
-6.666307
-2.722229
-1.882051
-0.353647
-2.882714
0.477448
-8.821894
-8.532997
-0.005497
-2.648730
-7.980816
-5.905211
-5.121649
-8.821976
-9.267732
-5.220680
-5.028963
-2.315583
-3.648064
-1.383872
-8.645916
-2.196733
-7.143805
-2.294497
-8.289941
-9.604820
-0.265703
-7.187428
-7.807762
-3.524474
-1.335589
-5.238366
-3.155639
-3.883356
-4.971814
-3.048541
-2.117780
-9.387564
-4.965201
-5.270810
-3.098960
-0.184223
-5.334579
-2.379136
-1.871971
-0.274990
-1.582783
-1.460214
-9.431494
-3.307221
-2.818820
-5.957593
0.224667
-3.269487
-8.252877
-5.260442
-1.686344
-6.085593
-1.448433
-3.435736
-4.441443
-2.275622
-6.378670
-5.432468
-4.566334
-2.239743
-4.293569
-7.252476
-1.429645
-3.796839
0.417803
-8.937284
-2.399327
0.263020
-2.953676
-8.565495
-3.712622
0.018761
-3.549565
-1.320492
-6.766124
-1.955493
-5.819866
-6.265563
-7.462609
-5.445220
-0.759494
-6.930566
-3.665619
-9.849634
-4.159703
-5.651110
-5.132862
-3.202081
-7.735672
-0.492225
-6.517303
-0.254957
-7.735944
-2.822532
-5.355151
-1.092527
-3.437399
1.405940
-4.111759
-2.599017
2.296894
-6.051950
-1.268877
-6.559315
2.857465
-4.766059
-1.798498
-6.327412
-5.217529
-0.769033
-3.770127
-7.980640
-9.078584
-5.697010
-3.826600
-2.106979
-7.827919
-0.149847
-7.297103
-6.987606
-0.777413
-8.754342
-3.148266
-10.431396
-5.048242
-2.989681
-0.811853
-3.286525
-4.265292
-9.070127
-6.133214
-8.083482
-7.420626
-7.125642
-2.459482
-2.971997
-4.471402
0.270897
-9.626960
-0.639910
-2.106917
-2.093735
-7.346184
-2.716217
-2.774029
-4.822862
-9.020468
-4.002761
-3.099392
-3.572167
-4.142093
-4.716503
-0.838363
-2.396615
-4.878477
-1.140341
-0.185915
-4.701202
0.436455
-1.079780
-2.582402
-7.057194
-8.738927
-2.247754
-6.877229
-3.849082
-5.260879
-2.760517
-6.984435
-1.565258
-3.037525
-4.710010
-7.862103
0.577081
-4.244753
-1.723080
-3.533876
-1.764974
-3.062210
-2.325928
-6.067673
-8.077683
0.126215
-2.618201
-4.992850
-6.002662
-3.086738
1.291382
-1.312674
-4.107157
-6.833409
-5.460981
-2.485760
-5.773600
-2.502786
-3.731247
-3.079873
-3.570297
-2.612323
-5.362958
-9.359115
-9.951032
-4.832324
-9.526900
-2.360148
-3.841814
-5.943910
-7.286421
-3.995441
-2.120225
-4.185983
-9.391796
-5.775815
-3.813852
-7.976844
-4.911048
-6.824201
-2.385739
0.796303
-5.371546
-1.742040
-3.100053
-2.867410
-3.360802
-9.033101
-3.410188
-5.390277
-2.728158
-3.001371
-2.337187
-6.810771
-2.597331
-7.843716
-1.185627
-3.396313
-0.651622
-0.311486
-4.018527
-3.743456
-6.435544
-7.940979
-5.827467
-8.276096
-8.747344
-8.465806
-2.379872
-8.009021
-0.472388
-2.583134
-5.443235
-4.173182
-2.838945
-4.604517
-8.514947
-9.186684
-5.740707
-6.606044
-2.324060
-3.779082
-1.783743
-4.559476
-1.536691
-2.193552
-6.231761
-5.188216
-8.093196
-6.382665
-3.190178
-5.339283
-4.676517
-4.774455
-3.969003
-7.395914
-9.486033
-7.339466
-0.844199
-4.814310
-8.314768
-2.411067
-9.613377
0.300386
-4.076947
-2.163211
-10.165390
-4.063156
-4.964757
-2.998689
-8.649511
-9.220516
-5.874453
-0.280762
-3.130106
-7.837640
-6.456119
-3.190484
-7.512678
-4.504907
-5.825862
-0.729154
-3.489268
-5.121379
-8.275249
-6.809553
-5.477114
-4.207555
-3.203394
-2.187654
-0.035554
-6.171782
-5.469010
-2.585525
-3.092431
-6.601811
-9.796773
-2.803810
-5.494215
-4.480469
-1.655403
-1.313599
-9.300747
-3.216571
0.922550
-5.800333
0.261483
-7.012430
-7.685513
-9.291501
-0.860980
-4.727431
-4.184874
-1.113408
-4.352077
-3.113063
-4.926721
-2.388364
-2.066048
-5.916109
-9.503676
-4.023820
-3.425344
-2.876251
-3.654046
-0.340350
-5.954652
-3.022183
-2.389578
-5.204685
-9.848085
-1.921109
-2.545926
-4.427443
-4.523115
-4.797828
-9.278847
0.061426
-2.141193
-5.337923
-0.295589
-9.645294
-8.487635
-2.841676
-3.639127
-0.486814
-4.256379
-1.713893
-1.293921
-7.410734
-4.690933
-6.763563
-2.979196
-2.892534
-4.197681
-9.806174
-6.285824
-8.804795
-4.316350
-8.524829
-0.494498
-3.713756
-7.846907
-8.996881
-3.268988
-4.300464
-3.220340
-2.942235
-2.992634
-2.732299
-7.230019
0.326208
-4.230431
-9.231304
0.494971
-3.424013
-1.551279
-3.746184
-3.806257
-0.281334
-2.207599
-4.814625
-8.769345
-9.600345
-4.044971
-8.304270
-9.404512
-9.610052
-9.749583
-5.557611
-4.563615
1.507124
-4.305620
-2.469304
-7.624037
-2.154619
-3.374732
-8.083354
-7.170068
-3.271158
-0.416119
-8.804930
-1.303855
-4.883440
-4.238238
-5.818673
-7.488445
-8.839528
-5.602948
-1.200065
-0.029498
-2.217182
-7.429110
-3.249444
-5.587701
-3.999298
-6.323910
-5.459006
-8.688610
-4.361786
-2.399626
-3.444667
-5.430686
0.927553
-9.889382
-7.425610
-4.373637
-10.404025
-5.421179
-3.413644
-2.347945
-9.143689
-3.492517
-5.783336
-2.053803
-5.300541
-2.812926
-6.727323
-2.299062
-6.561157
-5.812846
-4.252860
-2.893167
-8.692247
-3.276275
-6.196417
-2.689155
-0.773758
-2.023862
-1.413276
-3.266858
-1.086557
-1.238670
-0.935754
-2.700186
-3.175943
-4.460084
-9.847927
-2.997381
-1.877628
-7.617470
-0.897770
-4.526241
-4.605224
-3.110194
-3.274744
-3.850698
-10.408209
-3.677516
-8.940599
-0.975767
-3.568033
-7.847588
-0.359859
-9.379446
-4.109465
-1.134308
0.431461
-1.962896
-6.558565
-4.582538
-2.567173
-6.201160
-0.036654
-0.162272
-4.082350
-9.737106
-2.249454
-1.449600
-1.937281
-9.304461
-5.247616
-4.121889
-0.784022
0.745299
-5.178797
-3.523425
-2.152419
-7.622041
-6.151494
-8.284028
-3.753245
-5.600334
-0.200964
-9.094739
-3.083319
-9.172859
-7.466488
-8.132898
-7.344805
-4.068552
-4.355536
-9.828150
0.982976
-3.527421
-7.925800
-5.130489
-1.012195
-2.701371
-2.611980
-1.818886
-5.974922
-4.822392
-8.702194
-6.285854
-3.647105
-8.417834
-9.259150
-8.963308
-9.240931
-1.578673
-2.441040
-4.191065
-0.632814
-5.093589
-5.204071
-6.803236
-2.006794
-5.258592
-7.036079
-6.500317
-9.270355
-6.436046
-1.008670
-1.988603
-5.216640
-4.509174
-0.325995
-9.480752
-3.181572
-8.096406
-4.573509
-4.071794
-9.967287
-3.172175
-5.343524
-0.831824
-4.619289
-5.688365
-3.858651
-2.595936
-7.581272
-4.493776
-4.392951
-4.034166
-0.965706
-2.340694
-0.513023
-3.037903
-9.596204
-5.678121
-9.100084
0.604425
-1.929868
-9.323787
-2.060814
-0.328072
-5.625745
-4.453897
-5.474041
-1.611616
-9.640569
-8.170531
-4.958274
-2.991796
-7.161022
0.091373
-0.693514
-1.849533
-6.692122
-1.644330
-2.766452
-8.820879
-9.220864
-2.929718
-9.865379
-6.114881
-6.704972
2.075826
-1.175998
-7.348091
-3.630924
-9.923708
-8.088864
-3.878943
-4.065150
-1.986938
-6.301195
-3.087554
-6.635049
-1.993938
-3.915617
-8.319508
-1.898654
-8.443723
-6.965902
-2.850225
0.082788
-1.814763
-2.772130
-5.732266
-2.985163
-4.925898
-4.414592
-0.928302
-1.299166
-2.870723
-3.176048
-2.260002
-3.227128
-8.158731
-5.165017
-4.075409
-6.224021
-2.771684
-3.247438
-7.373380
-2.514593
-5.131416
-7.104532
-0.108692
-2.760702
-5.180153
-5.974298
-1.797239
-5.294264
-3.182716
-4.297774
-1.176350
-8.889877
-2.448192
-7.056073
-3.772349
-6.858546
-2.876914
-6.542291
-8.284282
-1.431076
-9.205269
-8.817618
-10.068264
-5.481108
-1.954051
-0.921100
-3.563766
-3.744171
-5.551755
-4.563591
-3.237742
-3.447555
-8.731979
-2.616558
-1.259925
-4.601973
-3.082740
-2.868887
-6.018659
-1.491689
-2.939779
-2.364317
-5.045506
-5.806839
-4.891608
-1.829300
-3.956527
-2.652933
-3.693803
-3.399612
0.208744
-2.229753
-5.839261
-0.725051
-2.551625
-7.889744
-2.670834
-6.502499
-3.078672
-8.306147
-2.054042
-4.903395
-9.577750
-4.715633
-5.046257
-2.316994
-1.843316
-1.805972
-3.903649
-4.107081
-9.116940
-1.435170
-8.506536
-2.866504
-0.968469
-1.331327
-3.651087
-1.354875
-9.842915
-5.727512
-3.468289
0.663501
-2.496483
-5.304775
-3.438244
-3.457620
-3.858859
-4.761656
-2.524991
-2.604147
-2.759912
-4.938046
-1.841709
-0.716173
-2.955358
-5.549000
-6.782808
-2.951157
-4.940196
-2.067058
-6.291312
-6.329954
-2.432206
-3.799090
-0.611845
-7.259272
-5.205909
-1.064927
-2.734294
-3.070466
-2.915906
-4.889627
-1.201836
-9.452969
-5.272451
-5.010766
-6.557096
-6.104709
-3.705705
1.920407
-1.697465
-8.216528
-7.661431
-7.867732
-4.489735
-9.293275
-9.965699
-9.725238
-8.823261
-2.025536
-2.112805
-3.650797
-1.709696
-7.720062
-4.036489
-0.415903
-7.658808
-8.945005
0.284778
-7.589640
0.060961
-0.327927
-4.287747
2.218802
-4.080067
-2.805312
-7.182622
-9.292134
-8.972108
-4.722301
-8.896525
-4.419188
-9.737063
-4.278507
-1.571804
-3.054142
-6.580907
-9.754148
-7.276883
-4.849929
-6.151689
0.056663
-3.795038
-4.428490
-2.070778
-8.816360
-7.292649
-9.001150
0.177159
-9.760146
-5.422420
-1.956398
-5.365589
-1.051956
-4.116549
-4.497748
-7.282123
-7.270598
-4.845491
-4.916361
-5.343804
-3.073789
-2.399085
-5.396837
-2.114936
-1.605081
-5.341695
-2.520383
-5.264627
-3.679888
-9.096654
-5.317623
-3.597654
-2.233295
-5.243618
-2.633560
-5.510718
-1.952092
-4.516748
-2.579151
-2.751449
-3.617803
-0.938270
-6.741043
-9.874378
-1.957721
-1.791413
-0.541342
-9.930342
-6.823961
-2.712219
-8.616319
-8.066142
-8.433416
-6.389698
-6.763548
-7.763106
-3.095629
-2.207271
-5.982059
-2.945400
-1.009235
-4.142722
-1.738714
-5.263100
-5.876287
-8.044131
-6.704281
-7.999447
-3.005242
-2.725575
-4.070351
-4.037330
-0.020221
-3.422730
-0.986246
-7.161600
-3.875886
-0.964524
-5.826836
-4.290899
-0.302017
-6.752720
-6.674281
-8.133602
-3.337418
-9.290241
-5.807065
-1.659127
-8.784778
-3.837676
-2.689768
-2.921720
-2.591303
-9.768420
-0.716477
-4.327751
-8.846848
-4.179983
-7.467147
-7.377658
-8.702640
-2.903299
-3.151725
-5.128870
-4.424244
-1.419235
-2.544725
-1.443632
-0.547191
-0.124199
-9.396054
-9.808779
-1.976957
-0.076490
-6.850865
-1.482389
-6.807378
0.463448
-3.353515
-3.157175
-2.536699
-5.578155
-1.421569
-4.459753
-6.060334
1.490324
-9.156778
-5.160735
-4.294369
-7.156873
1.152053
-5.132670
-6.477186
0.269407
0.090885
-0.947847
-6.352520
0.771498
-3.932789
-2.296058
-4.536762
-3.266694
-5.300575
-1.095781
-5.738568
-2.120421
1.559989
-3.179956
-0.402426
-7.842476
-2.907372
-1.498140
-1.860182
-4.524969
0.238983
-7.558543
-0.369183
-7.661461
-3.466784
-1.159862
-1.707320
-9.031117
-1.598093
-4.634345
-1.360474
-3.837975
0.558728
-3.720530
-4.545580
-1.400846
-2.733268
-8.664808
-1.915147
-4.260352
-5.003068
-10.093460
-4.813142
-9.030939
-2.638601
-5.708258
-7.559041
-2.886391
-3.474677
-1.518076
-3.457730
-4.499635
-0.997374
-1.657943
-1.493204
-0.579407
-3.883251
-4.220734
-1.547768
-3.983324
-3.854909
-6.568072
-4.379080
-4.334754
-1.297262
-9.812197
-5.415362
-7.829114
