8
1 500 1000 200 42 777 13 99
-11.365437
-0.386859
1.077920
-11.879496
-11.487236
-11.862556
-11.336876
-11.743380
-11.767281
-11.733005
-11.343685
-11.871765
-11.513863
-11.446062
-11.602763
-11.887003
-11.970608
-11.926134
-11.408229
-11.748116
-11.859115
-9.649171
-10.656979
-10.587434
-11.236403
-8.810735
-8.505060
-11.543338
-11.733100
-11.888037
-11.754300
-11.397974
-11.869371
-11.514127
-11.458238
-11.608540
3.322063
3.007474
2.081655
2.167937
0.627941
2.450557
5.353727
3.542844
2.673937
1.289797
0.544708
2.429973
2.306857
2.489763
1.431175
0.248945
0.796813
0.543453
-0.332848
-0.494950
-0.100258
-1.252156
-0.415358
-1.445976
-1.664577
3.349501
3.048829
1.841848
2.985543
2.511691
1.879268
2.890575
0.098249
0.351073
1.808652
1.415966
2.362324
1.468018
0.435013
0.923377
2.175010
2.014132
0.706663
1.345916
0.985734
1.395880
1.393108
1.125892
0.257040
0.740856
2.164043
2.819186
0.732823
1.055149
0.254223
0.998332
1.149331
0.308098
3.693422
1.838302
3.473492
1.463151
3.260062
2.516947
1.030821
3.192557
2.265645
1.657933
1.917019
3.420036
2.008461
2.073153
1.514336
3.549209
0.582494
3.586107
2.006527
1.951448
2.297382
0.833739
0.266720
1.312045
4.938578
2.710849
0.303116
0.803427
3.015299
1.909179
1.051756
1.540478
3.941201
-0.018138
0.466997
2.940290
-1.987225
-1.463904
-2.136223
-2.331013
-3.104629
-2.340043
-1.323722
-2.049383
-2.821312
-1.383287
-3.696748
-2.417204
-3.778379
-3.636492
-1.774107
-2.945320
-2.900000
-1.412649
-3.725370
-2.007740
-2.217983
-2.983361
-2.818153
-1.706494
-2.955532
-0.656834
-3.124731
-4.249055
-2.491388
-2.708604
-11.738745
-11.705950
1.480936
0.966873
-0.678138
0.782700
-2.823153
-2.455900
-2.011470
-0.389581
-1.996890
-1.373752
-4.423019
-10.443249
1.584704
-1.148743
1.161619
-1.070162
-3.697661
-4.012035
-11.775908
-11.067339
-8.171974
0.008126
-0.164415
-0.809963
-2.770617
-3.218480
-11.514784
-11.768700
-11.742617
-11.522568
-2.314765
-2.776609
0.961519
0.330297
-6.614564
1.945995
1.209433
-0.124723
1.771805
-1.218218
0.781859
2.736698
0.550429
-1.205490
-8.640758
1.292516
-1.217225
-11.407217
-11.381466
-11.459743
-9.174992
-11.690331
-11.265945
-11.533717
-11.635406
-11.771865
-11.726433
-11.930168
-11.626245
-11.342375
-11.309216
-11.320753
-8.343567
-7.526293
-7.759228
-7.916836
-8.558834
-7.718444
-6.955696
-8.000977
-2.227375
-1.079342
4.222320
-11.556788
-11.350416
-0.931553
-10.043771
-10.530956
-9.139956
-11.556806
-9.001066
-10.775991
-8.960586
-9.427854
-9.797293
-10.932863
-7.902011
-8.950090
-11.431715
-11.342342
-11.919252
-11.728527
-11.383255
-11.578301
5.072299
-9.237776
-0.778114
-2.997369
-3.199376
-2.097169
-2.848442
-3.089179
-2.019066
-2.537376
-1.182313
-1.949033
-1.491904
-3.839944
-2.486986
-2.833732
-4.455604
-2.093500
-1.746324
-2.956214
-5.090556
-2.939978
-3.216571
-2.380822
-3.253889
-3.555892
-1.706852
-1.535289
-3.662152
-3.273585
-3.404077
-2.163271
-2.805564
-1.975033
-3.236787
-4.281259
0.430112
-0.665484
2.296652
-3.386141
1.912794
2.088515
0.569856
1.054935
0.988499
0.752457
0.956897
-2.424837
-1.263254
-1.503111
2.357176
-2.618194
-2.348820
-0.247242
1.257857
1.922700
1.462413
-3.706745
2.166656
-1.093897
1.995004
1.287211
-0.393400
0.402724
-1.065104
-1.970832
-2.822696
-2.885776
1.850325
0.447703
-0.391152
1.628965
-1.446776
0.673695
-2.609290
-0.292717
0.152059
-0.155655
3.025177
-0.429497
0.220815
2.132213
0.067877
0.248282
-1.355330
1.926504
-0.990115
-0.435289
1.508364
1.682200
-1.040289
0.785501
-3.888864
0.042756
-0.169426
1.014775
1.408566
2.446675
0.702284
-7.284013
-0.662762
3.528662
0.206808
-1.710354
0.545689
-0.294633
-0.616816
0.827579
2.202854
-1.095357
-0.426397
0.501428
-1.572272
2.579664
2.060027
-0.298496
0.679642
1.511076
0.549589
-0.130685
1.491672
-0.234314
0.894077
-1.544420
-3.433471
-1.104269
-0.174264
-1.459113
-3.783938
-0.274197
-2.174874
-1.604102
2.308434
-0.743976
1.306692
-1.300399
-1.189715
0.261077
0.445836
3.475971
-7.273348
-1.686893
0.874570
0.758446
-1.465208
-0.773566
-1.424413
-1.443875
0.746642
-0.255622
1.622888
-1.889096
-2.171870
-1.539473
0.459533
-0.803367
-2.128249
-0.126545
-1.922916
-0.159283
-0.829403
2.313749
2.277946
-0.664844
0.525118
-4.365109
0.802343
-0.902929
0.824925
0.482777
0.842356
-3.397306
0.089517
1.432931
-3.631942
-1.150218
1.718016
-0.347289
-1.876831
0.257254
-1.263001
-0.583918
-0.453902
1.048604
-0.745677
0.516555
-0.055679
0.560165
-1.077268
-0.037900
0.505677
-1.100604
-0.765482
-0.973541
1.901766
-2.050309
1.385471
-3.297590
-0.986526
-3.265463
-2.011513
0.011206
-1.258738
1.457237
1.748905
1.166423
1.085691
1.631664
0.338890
-1.261582
0.429067
-1.007689
-0.765007
-3.835500
-1.834684
-2.382219
-0.480080
-2.946008
-1.536787
-1.714116
-0.220569
0.383246
-0.691020
-2.595809
-0.463258
-1.311726
-1.024059
1.140198
-2.667554
-1.332827
-0.175778
-3.547694
-1.092121
-0.185241
-1.811235
-1.906938
1.272152
-0.813655
-1.423382
-0.670666
-0.535449
0.113670
-0.709395
-0.685952
-0.710654
-0.046125
-0.535621
2.420950
-0.186523
-0.971223
-1.561577
-0.476330
0.117445
2.087132
-0.681326
-1.820837
0.099994
-1.888413
-1.622645
-1.085066
-2.450925
-0.270084
-2.753229
-2.120246
-2.451842
-3.015453
0.884453
-0.151346
-1.845893
-0.021250
-1.572590
-0.334295
-4.441088
-0.464724
-2.474099
-0.876772
0.839632
-1.457026
-1.769271
-0.399059
1.513535
0.196477
-1.440779
-1.159228
-0.404301
1.875214
-1.280850
-0.752712
-1.022761
-0.122556
0.111207
-0.768772
2.324927
-0.741504
1.486378
-4.267852
1.581690
0.000498
1.376078
2.089113
0.573166
-0.512902
-0.525764
-0.058103
0.352996
-2.895616
0.431626
-2.384471
1.000492
0.108760
-2.710601
-3.051755
-2.432961
-0.004687
-1.122394
-2.135175
-1.009014
0.213316
-2.072209
-2.586692
-2.090453
-0.933422
0.982877
-0.317100
0.491602
0.654592
-0.492855
0.815550
-2.428397
-2.630075
-2.812919
0.583433
-1.289967
-1.368873
-0.400485
-0.254053
0.839260
-1.338155
-1.019407
-1.211970
-2.393118
0.937315
-2.082256
2.122292
-1.287115
-3.083653
-1.949274
0.253993
-1.354107
-1.456149
0.486070
-1.476976
-2.146713
-4.232345
-3.186098
-0.260710
-3.828045
-1.289509
0.437156
-0.756041
-0.432707
-1.411559
-3.597617
-0.040030
-1.778625
0.914059
-0.073569
0.741775
-2.147215
-2.943345
0.448978
-1.435815
1.361235
0.036166
-0.722351
1.292958
-0.596876
-3.335150
-0.509223
-3.452338
0.007254
-0.657134
-2.702790
-0.301924
-0.283269
-1.848569
-1.300338
-1.403838
-0.007872
-1.945541
-2.920337
-2.305601
-1.946694
-1.087350
-1.257962
-0.018305
-1.481145
0.249469
-2.817779
-1.369379
-1.172369
0.048964
1.663193
0.331532
-2.692373
-0.255023
-5.442089
0.142050
-0.792053
1.681328
0.264120
-3.968528
-1.723410
-0.855366
-1.333033
-1.553815
-3.403520
-3.585615
-3.134317
-1.533189
-2.276710
0.357224
-1.643174
-3.687543
-1.603474
1.136758
-2.446065
0.831149
2.259361
-2.189000
-2.341801
0.292501
-3.359975
-2.075099
-2.773036
-0.723721
-1.133711
-0.137106
0.568709
-0.111209
-0.606970
-0.617172
-1.850580
0.228429
1.573105
0.984432
1.059247
-1.622724
-0.457579
-1.467298
-2.337548
-0.653970
-3.057060
-2.984761
-2.754429
-0.513529
-2.162089
1.109876
-2.362968
-3.421894
-2.333034
0.497702
-4.316765
-0.455807
1.497254
-2.027258
0.124411
-1.912218
-0.943863
0.488411
-0.687153
0.855844
-0.912861
-11.723208
-1.340598
-1.087597
0.511377
0.043537
-0.204003
-0.386228
-2.287799
-2.134434
-2.205340
-0.561898
-3.993923
-0.959754
-1.381448
-0.902282
-3.178605
-1.552962
0.131144
-0.924563
-1.498310
-0.077685
0.978217
-0.048049
-1.097460
-2.637733
-0.227997
-2.183835
-3.928627
-0.533034
-4.592080
0.540314
-0.951101
-0.017651
0.489321
-0.185206
-0.599081
0.522159
-0.107643
-3.858952
-0.314630
-0.989884
-1.972945
-0.533004
-0.557230
-0.653152
-1.579201
0.247863
0.742983
1.643133
0.233419
-1.003038
-2.692900
-1.276502
-0.089106
0.329182
-1.345123
-0.144519
-2.486911
-0.269455
-0.455521
0.168316
0.844970
-1.417756
-1.534906
-0.233558
0.322500
-0.699428
-2.336432
0.515468
-0.907839
-0.498902
-1.655883
-1.552333
0.115210
-0.973515
-1.943543
-1.484584
-0.725053
-2.623850
-0.385539
-0.569909
-1.921432
-1.670627
-2.379606
-1.851730
-0.973227
0.101497
-1.904221
-1.945929
-2.700262
-0.384331
-2.043233
-5.841120
-1.165783
-1.170312
-2.912984
-1.702326
-1.543874
-1.854095
0.696319
-1.260390
-0.803969
-1.660950
-0.220600
-1.693153
-0.479412
-2.200824
-1.576912
0.541056
-1.682975
-1.080444
-1.986316
-1.900153
0.909383
-1.411676
-3.136185
-3.256327
-0.743904
-0.630120
-1.371638
0.473691
0.036069
-0.274019
2.039260
-1.670387
-0.815788
-1.180181
-0.783283
-1.754194
-1.472723
-1.278956
0.296580
-0.925020
-1.866787
0.901872
-1.628232
-0.168191
-3.193359
-0.671844
-1.231274
-0.082892
-0.057488
-2.522302
-0.870440
-0.790792
-1.315621
-0.823327
-0.515233
-1.795341
-1.757021
-0.188483
-0.184183
-2.112987
0.173310
-1.296676
-3.433191
-2.047620
-0.511267
-1.190001
-1.947812
-1.057852
-0.032574
-5.258011
-2.501780
-0.670749
-2.742981
-3.003477
-2.695247
0.299355
-1.003401
0.245797
-0.918091
-0.247117
-2.282589
-2.486497
2.666605
-2.773784
-1.276528
-1.077785
-2.719347
-3.104317
-3.157957
-2.491352
-5.596098
-0.081670
0.711559
-2.332649
-0.626864
-1.883152
-3.365253
-1.672662
-5.314863
0.222425
-2.483839
-2.425898
-0.566573
0.183296
-0.870283
0.021000
0.065027
-0.708389
-2.434457
-3.797040
-0.492527
-3.174614
-1.872994
1.208876
-2.370828
-1.708575
0.692089
-0.211216
-0.055151
-1.524731
-1.450426
0.313643
-2.837880
0.457456
-3.807705
-4.015514
-2.502142
-1.908383
-0.885074
-1.360913
-1.216418
-1.957050
-2.939092
-0.453296
-1.412505
0.261900
-1.638742
-1.784064
0.132203
0.610486
-1.304778
-0.369424
-0.499713
-1.169485
-0.364691
-0.407712
0.706053
-0.904217
-0.188587
-3.148001
-1.949654
0.618639
-1.821116
-1.502354
-0.429409
-1.787308
-1.520415
-1.109687
-4.529844
-1.603284
-0.365614
0.385627
1.005398
-2.349326
-0.943772
-1.716490
-1.607058
0.804395
-0.100394
0.140915
0.472510
-1.566740
-1.643423
-2.183876
-0.762773
-2.912324
-3.542913
-1.734451
-0.060407
1.856942
-2.386861
-1.152589
0.907755
-0.956841
-3.161690
-1.422708
-0.947048
-3.406518
-2.169118
-2.326074
-1.366610
-1.053249
-0.199917
-1.764206
-1.532922
-2.015388
-1.082420
-0.281575
-0.203931
0.973766
-3.236484
-0.030568
-3.191857
0.257410
-0.662570
-1.026551
-2.295581
-3.967780
-1.318577
0.184343
-2.062908
-3.110142
-0.792469
-1.780875
-3.434229
-0.524131
-3.020077
-0.783617
-4.645692
-0.421055
1.138304
-1.845695
-0.248457
0.407769
-4.480868
-2.274692
-1.644658
-1.761922
-3.144019
-4.754396
-4.410745
-1.527432
0.154515
0.418805
-3.575313
0.929628
0.968326
-1.228716
-2.609314
-2.062334
-0.855656
-11.178984
0.532514
-1.269249
-3.124881
0.157461
-1.760856
-3.081843
-3.261014
-3.674589
-0.811952
-3.249236
-2.757347
-1.472380
-2.127599
-0.220039
-1.345010
-1.416071
-2.672989
-0.599861
0.079481
0.580909
-2.464575
-1.867732
0.463841
-1.597784
1.242592
-1.856813
2.337783
-1.653456
-3.420275
0.473522
0.778017
-1.472772
-1.905779
-1.331032
-0.058397
-2.712864
-3.216503
-4.603820
-1.950382
-3.240378
-2.391201
-0.636228
-2.045246
-0.064895
-1.345859
-3.104538
-1.532373
0.041083
-2.024075
0.245679
-1.423788
-1.345334
-2.326583
2.377167
-3.057743
-0.928912
-3.240462
-2.563221
-1.717416
-2.625014
-0.613820
-0.186645
-1.566792
-2.855001
-0.769230
-0.529996
-1.506448
-2.272812
-2.722146
0.853691
-2.878904
-0.601913
-1.497026
-3.542774
-2.069457
-1.719750
-1.554843
-4.422527
-1.368584
-3.428115
-1.658703
-3.730460
-1.925623
-0.595555
-3.387205
-2.521883
-5.042894
-0.850765
-2.104480
-1.918813
-1.337408
-3.703713
-4.820333
-1.516909
-3.598447
-2.300137
-2.241871
-1.042298
-3.128417
-2.047394
-4.311021
-1.431523
-2.895762
-1.963547
-0.905725
1.671296
-0.710020
-1.724951
-0.834760
0.427314
-2.650968
0.526593
-3.429843
-0.753231
-0.052430
-2.250484
-2.867822
-2.818310
-1.374987
-1.724104
-0.738092
0.236646
-2.548594
-1.128366
-3.021631
-1.159034
-2.113075
-1.314298
-1.822022
2.568463
-0.175882
-1.585326
-0.835364
-1.718437
0.506930
-1.409167
-0.551450
-0.833567
-0.294892
0.446418
0.332729
-0.178597
-1.845322
-2.817507
0.901996
-1.160619
-1.256546
-1.370890
-1.550805
-0.476814
0.691088
-2.009390
-3.159659
-3.036422
-1.030597
-0.859850
-1.920652
-0.025174
-1.335527
0.962636
-2.303420
-0.352501
-0.416218
-2.840564
2.050371
0.436566
-1.280036
-0.776495
-2.520666
-3.200392
-0.853342
1.027199
-0.344075
-2.323770
0.557410
-3.930261
0.646651
-0.011546
-2.573198
-0.714682
-3.359397
0.592860
-1.002648
-2.098902
0.042696
-2.457224
-1.245509
-1.488220
-0.833257
-2.384295
-0.780012
-1.540449
-2.009704
-0.308155
-1.763903
-3.297212
-2.819944
-5.225003
-4.811974
-3.404950
-0.403316
-1.460621
-0.160347
-1.356412
-1.301148
-1.628826
-2.379035
-0.063555
-1.461653
-2.217286
-3.653921
-0.785780
-1.315722
0.860590
-2.021493
0.188754
-0.666328
-2.365440
-0.793255
-4.101356
-2.962130
-2.571628
-1.750905
-0.620278
-1.690696
0.337935
1.014539
-0.120802
-2.358552
-1.276745
-2.552509
-2.005562
-1.166427
-1.374405
-1.666718
-4.407252
-0.404133
-2.695571
-2.936165
-0.586138
-1.678785
-5.464131
0.094308
1.537478
-3.219189
-2.606546
-1.078623
-1.668062
1.317097
-1.234826
-3.263564
0.317523
-0.379179
-1.651278
-1.373437
-1.310128
-1.390494
0.091247
-1.805385
-2.055859
-0.136643
-1.306521
-0.030416
-1.869593
-0.775273
-1.000478
-1.648615
1.142422
-2.200583
-3.130618
-2.099287
-0.826440
-0.114495
-0.070894
-1.230039
-2.207986
-1.521940
-1.787452
-1.529845
0.492869
-1.854163
-3.101480
-1.241850
-2.713162
-3.034907
-0.101322
-0.729487
-1.761938
-2.205710
-1.511270
-1.356241
-4.153274
-1.273585
-2.957566
-1.483138
-1.020190
-2.744557
0.617115
-1.281605
-0.565784
0.278044
-3.848761
-0.627412
-2.534652
-1.618393
-3.101188
0.196260
-0.118076
-1.060625
-2.319581
-2.090451
-3.147505
-0.362831
-2.040801
-0.333966
-1.809613
-1.104990
-3.151774
-2.002318
-2.223256
-1.469481
-0.901643
-1.371433
-0.720527
0.464290
-1.234339
-0.523252
-2.910706
-3.323402
-6.770830
-3.969424
-0.057791
-0.486226
-2.378968
-2.427955
-2.576591
0.575272
-1.501229
-1.420682
1.714152
-0.544557
-1.263173
-1.440568
-1.060620
-1.987392
-0.694447
-2.189643
-2.346655
-1.731658
-2.030836
-2.427896
-2.869570
-0.110597
-1.220816
-2.181410
-3.163720
-2.278726
-1.098087
-0.147164
-1.047240
-0.609228
-2.343045
-1.833963
-0.902436
-1.624374
-0.183551
0.383600
-2.748080
-3.251908
-1.256444
-1.994048
-4.341002
0.967660
-3.183093
-1.748256
-2.037326
-4.049286
-1.531378
-2.273109
1.282633
-4.110081
-1.126109
-2.226485
-0.884550
-0.897102
-2.795977
-1.036853
-1.116897
1.086041
-2.035486
-2.085359
-1.625955
-1.601887
-0.260462
-1.687820
-0.917909
-2.710793
-1.125213
-1.453478
-1.330827
-2.138078
-7.608162
-0.798919
-2.272836
-3.428899
-1.855980
-1.239196
-0.917353
0.506060
-2.328664
-0.547359
-3.890332
-1.682732
-4.000498
-5.088671
-2.638739
-0.955394
-2.936246
-0.998178
-1.190096
-0.332908
-3.217402
0.695135
-1.139759
0.404662
-4.022059
-3.529125
-1.031291
-3.549636
-4.013037
0.025538
-2.445913
-3.841454
-1.183810
-2.097662
-3.189181
-3.024458
-2.388567
-2.680450
-0.542321
0.974854
-2.054647
0.796572
1.228019
0.663301
-1.197276
-2.264292
-2.620618
-6.286398
-1.100370
-0.222153
-2.857264
-0.801842
-2.153713
-1.606027
-1.963665
-2.014155
-3.211844
-1.312260
-0.019004
-1.231964
-3.231060
-1.679809
-3.453473
-1.155085
-2.105435
-2.593630
-3.569035
-2.485821
-0.759833
-1.416270
-1.385613
-0.656988
1.198668
-0.453567
-4.132505
-2.010453
-0.688446
-6.582562
-1.401763
-0.655590
-2.734625
-3.385854
-0.882473
-1.850143
-1.079466
-1.297579
-3.309061
-1.033111
-1.086913
-2.753066
-1.061496
-1.574371
-0.911768
-0.606341
0.184424
-2.370458
-3.728997
-1.841486
-1.830500
0.096559
-1.618676
-0.684832
-3.745432
-1.730528
-2.189220
-1.302586
-2.815177
-2.166404
-1.378502
1.295337
0.488846
-1.401845
-2.412788
-1.011800
0.843491
1.360073
-2.516130
-1.030102
-3.131850
-0.150872
-4.120368
0.651817
-2.523683
-1.060369
-2.857373
-3.363163
-2.163636
-2.189675
-2.377917
-3.762797
2.451289
-1.642706
0.038784
-1.144472
-1.365533
-0.652687
0.127829
-0.245233
-1.038530
-0.801147
-3.183262
-3.469716
-3.166789
-4.072140
-1.158433
-3.113062
-3.176311
-1.962722
-1.243256
-1.718969
0.794383
-0.702221
-1.668112
-0.551101
-1.894550
-2.071702
-2.544204
-1.757630
-2.705789
-1.481357
-3.303843
-0.337040
0.353934
0.193433
-2.949191
-1.088103
-1.038935
-1.578988
0.913335
-0.776146
-2.231256
-1.847601
-2.949569
-1.419706
-2.171704
-2.745145
-2.538727
1.245483
1.147245
-2.750896
-0.642517
-3.920444
-1.897843
-0.192421
-2.500209
-1.811637
-0.567157
-6.936171
-2.174430
-1.800564
-0.604233
-1.324101
-2.020315
-0.371700
-3.484660
-1.233011
-1.286234
-1.765881
-1.510189
-10.741214
-0.626127
-1.991919
-1.846227
-1.148689
0.733425
-8.449528
0.365682
-1.877075
-0.145290
-0.306519
-2.481756
-1.085417
-1.074217
-3.838387
-1.685706
-1.948600
-1.084004
-0.435743
-1.404508
-0.662420
-0.616310
-0.262776
-2.438542
-1.330550
-2.193355
-1.896892
-3.210848
0.018945
-0.757231
-0.676165
-0.372443
-3.900656
-1.995287
-2.069338
-2.242982
-1.140214
-4.944782
-1.236116
-1.269473
-4.664575
-1.796294
-2.384320
-1.050500
-1.530294
0.588066
-2.053138
-0.794338
-0.095256
-0.738111
-0.071035
-0.872902
-2.086742
-2.324543
-1.444795
-1.863101
-0.829526
1.409343
-1.761349
-0.654260
-1.522505
-0.721172
-1.016519
-1.834096
-0.517793
-2.540742
-3.426580
-3.719179
-3.596730
-1.431470
-1.209923
-4.119357
-2.819069
-2.229295
2.124654
-1.740704
-1.270803
-0.424061
-0.449758
-2.429901
-0.301754
-0.347312
-1.281423
0.184047
1.769974
-3.544847
-2.216227
0.423497
-4.148279
-1.780232
-1.354145
-0.072112
-1.927799
-2.132420
-1.468797
-1.239152
-3.353184
-2.751402
-0.242737
0.171083
-0.583247
-2.329229
-3.914953
-2.787749
-1.768359
-0.901605
-0.485982
-2.918992
-1.006869
-3.856123
-0.846561
-2.499654
-0.067421
-2.613517
-3.897916
-2.162780
-1.607161
-1.899678
-2.964028
0.752129
-1.613637
-1.418469
1.156661
-2.334912
-2.163903
-0.092270
-2.115568
0.853787
-2.713813
-0.763327
-2.321488
-2.421914
-1.898939
-0.346168
-0.834694
-3.333474
0.061876
-0.701654
-1.524801
-3.331639
-1.530835
-2.560234
-2.830786
-1.479351
-1.601143
-2.342485
-3.492440
-1.615953
0.640271
-0.957889
0.561022
-2.070295
-0.067552
0.851821
-1.433192
-2.601554
-1.798786
-0.931568
-1.051384
-4.474272
-1.811612
1.956224
-1.033438
-4.318023
-1.568075
-0.881274
-3.521722
-0.490545
-0.591022
-0.583235
-3.780345
0.407818
-3.290792
0.198325
-2.625957
-2.640970
-1.651563
-0.410873
-1.683740
-0.619256
-1.632695
-1.355307
-3.950497
-2.373754
-1.014824
-1.053497
-3.897228
-0.761422
-1.966380
-1.205775
-3.725506
-0.786605
0.244464
-1.953497
-1.677394
-9.286942
-2.926631
-1.944122
-1.646976
-0.309545
-1.071653
-0.641968
-5.393489
-2.377803
-2.063061
-1.772941
-1.764769
0.948248
-1.063230
-1.056671
-3.592680
-1.958793
-2.042558
-1.460320
-4.496859
-4.047410
-0.826076
-2.194670
-1.740378
-2.107481
-0.035212
-3.278975
-3.223367
0.836681
-1.316831
-3.354109
-0.646476
-2.627395
-0.228185
-3.784788
-1.328284
-1.998584
-0.420290
-1.297862
-4.367024
-4.006392
-1.168618
-0.342579
-2.456638
-4.291045
-1.164860
-1.134375
-0.152978
-2.891016
-2.251353
-1.834931
-2.961585
-1.093752
-2.139792
-0.530947
-1.534770
-3.193626
-0.860443
-2.084463
-2.837256
-1.361593
-3.328969
0.399794
-4.299825
-2.481975
-2.896421
-0.156952
-1.320731
-2.181226
-2.171945
-2.293436
-0.491641
3.219862
-1.365032
-3.441087
-3.945004
1.506393
-2.308196
-1.687556
-1.313193
-1.970647
-1.572598
-1.249905
-2.168057
-0.839519
-1.683261
-2.817859
-0.828848
-0.797306
-2.664499
-1.994792
-1.889266
-1.582737
-1.739032
-2.737742
1.157759
-0.917455
-0.044052
-2.926512
-0.497907
-2.066329
-1.096499
-2.285609
-0.510331
-1.968045
-1.391757
-0.826923
-1.750986
-1.724290
-0.402630
-1.803903
-2.602869
-1.585021
-1.905475
-0.540342
-2.362153
-2.576573
-2.411016
-2.165714
0.053074
-0.443612
-2.740491
-0.884460
-1.475720
-1.383261
-1.969866
-0.557993
-3.129242
-0.345664
-2.939860
0.271892
-3.073380
-2.461112
-1.386924
-0.719257
0.056655
-3.606028
-1.053753
-2.874180
-3.734107
-2.649822
-3.365470
-1.348769
-1.588135
-2.160631
-0.039103
-1.310164
-2.361189
-2.246089
-0.888676
-3.051996
-3.513023
-3.172980
-3.879665
-0.734141
-2.878715
-0.554668
-0.865726
-1.472056
-2.939005
-2.644712
-1.832097
-1.184720
-3.506119
-1.527937
-1.221702
-2.174172
-3.909137
-1.097867
-1.856166
-1.888231
-2.715668
-2.391155
-2.443543
-0.509876
-2.958263
-2.157088
-3.757403
2.468894
-0.551542
-0.007033
-4.200493
-2.402272
-1.424670
-0.149441
-0.391550
-2.256960
-2.083971
-3.664047
-3.810036
-4.035294
-2.049327
-2.443915
-1.287323
-3.842159
1.343310
-4.098976
-1.765810
-1.724471
-1.725292
-1.041330
-2.038458
-2.388883
-3.381656
-1.763442
-0.971047
-2.521911
-2.813138
-1.689941
-0.798660
-1.530278
-1.140597
-1.440805
-3.758807
-7.029880
-1.990261
2.216805
-1.170109
-2.787503
-2.708373
-0.435111
-0.138695
-1.978699
-0.706222
-0.761965
-1.732265
-3.119497
-0.940002
-1.607671
-0.077075
-2.339420
-1.361387
-4.220345
0.554488
-0.872696
-1.494711
0.244297
-0.869049
-0.931612
-1.522393
-3.036042
-3.287492
-2.862624
-1.530375
-1.955618
-1.927017
-2.776066
-3.271266
-2.401767
-1.337685
-2.000831
-2.147551
-1.605783
-0.842284
-2.584099
-2.106261
-3.132642
-1.736778
-0.587665
-2.316837
-3.644210
-1.907250
-1.738287
-2.075752
-2.951180
-11.706676
-0.076730
-0.306082
-3.585660
2.709913
-3.076993
-3.165377
-0.388029
-1.953812
-3.291151
-1.444122
-7.351887
0.709866
0.329355
-2.617892
0.029651
-1.521698
-0.700330
-1.893073
-4.527333
-2.300882
-2.978363
-1.824529
-1.303842
-0.907271
-1.868162
0.148510
-2.999029
-0.951773
-5.382484
-1.734144
-1.924795
-4.976428
-1.090817
-1.607935
-5.606795
-2.937211
-2.461610
-1.848071
-3.786868
-3.163935
0.339657
-3.345483
-1.553957
-1.862536
-2.689665
-2.046453
-3.112257
-1.407034
-2.682490
-3.551169
0.266548
-3.122886
-0.176357
-1.878789
0.977678
-1.346829
-2.638357
-1.947094
-1.789378
-1.257963
-1.505604
-5.919164
-2.494579
-2.560585
-0.845629
-1.404519
-3.077632
-3.035358
-2.096762
-2.823882
-1.993502
-2.191351
-2.607670
-2.485235
-3.809528
-0.624781
-2.912684
-3.274391
-1.927192
-1.101046
2.093420
-4.787675
-2.079685
-1.583206
-0.953299
-1.402672
-3.166690
0.166180
-3.684369
-3.039862
-2.049255
-2.952324
-1.577289
-3.154096
-2.648373
-0.813174
-0.170296
-1.090872
-3.455232
-0.158649
-2.152927
-2.862638
-1.254680
0.357715
-0.684562
-2.852812
-2.003132
-2.206004
-3.402226
-2.302694
-1.085390
-0.832405
-1.575005
-0.929236
-2.094204
-3.544251
-3.642011
-0.846778
-0.844589
-0.992075
0.115955
-4.326005
-3.703193
-3.091959
-2.013514
-0.613193
-1.446061
-0.389008
-3.921948
0.644303
-3.307153
-2.477697
-4.077441
-1.242721
-1.061362
-1.714678
-3.243816
-2.861041
0.617738
-2.028125
-0.949103
-2.979745
-0.339969
-0.249648
-4.592624
-2.522614
-1.692955
-4.694435
-1.558427
-2.072110
-1.938293
-3.636766
-2.445826
-2.109634
0.224423
-2.083662
-2.017246
-0.816403
-1.672446
-5.039702
-1.976750
-2.397268
-0.145243
1.141968
-3.256643
-1.839257
-2.093858
-5.420783
-0.492508
1.009479
-3.357484
-1.304448
-3.067071
-2.332547
-0.038288
-2.941353
-3.216785
-1.860988
-1.899608
-2.126720
-2.715530
-2.312065
-3.018749
-2.044996
-0.905807
0.106092
-3.730086
-4.313951
-2.630739
-0.711572
-5.722495
-1.600046
-4.079840
-2.736367
-2.654003
-1.896910
-0.376957
-0.063647
-3.870519
-1.753665
-1.529122
-0.246675
-1.614537
-1.072305
0.646083
-1.197691
-1.884686
-1.700419
-2.819028
-1.566976
-0.238720
-3.727175
-2.081084
-2.882739
-3.481008
-3.236306
-2.604059
-2.527765
-2.728012
-4.042151
-2.212894
-2.845834
-0.287814
-1.514269
-2.386791
-1.036276
-1.029465
-1.332207
-0.710995
-3.497492
-2.506600
-0.184411
-3.676303
-3.042420
-2.056517
-1.858358
-1.498894
-1.435986
-2.558001
-3.291136
-2.138598
0.553829
-0.541847
-2.514938
-0.625563
-1.369041
-0.097274
-2.446247
1.689276
-0.875962
-2.381752
-1.268080
-0.831658
-2.317472
-1.103291
-4.785175
-3.172261
-0.015159
-1.932634
-1.675763
-2.370650
-1.090276
-3.679803
-1.219163
-0.049061
-0.053184
0.005929
-2.125902
-1.438893
-2.609569
-1.272358
-1.970864
-2.210634
-0.224434
-4.332314
-1.629875
-0.107548
-2.391082
-2.004662
-1.469549
-1.621992
-3.519408
-2.049821
-0.045657
-2.543633
-0.519847
-3.602215
-2.950423
-1.903515
-3.602746
-2.599799
-4.810148
-0.556257
-2.483588
-5.210091
0.237441
-0.892332
-0.986739
-3.248196
-2.276390
-1.647983
-6.795360
-3.951004
-0.863341
0.426801
-2.903199
-0.350586
-0.914575
-4.372804
-2.146312
-0.209792
-0.740168
-3.798020
-0.501140
-0.687169
-2.653582
-1.018019
-3.020266
2.078178
-2.676571
-2.854018
-5.389006
-4.458828
-1.592196
-0.695067
-1.473626
-2.910430
-3.954451
-1.377445
0.034400
-2.085607
-2.295336
-3.618133
-0.096569
-0.915801
-2.176866
1.395917
-0.740310
1.055512
-0.877406
-2.968951
-1.675930
-3.528092
-5.152172
-2.920230
-1.593262
-1.747029
-2.196119
-4.715811
-2.431658
-3.072758
-0.261286
-1.072509
-1.662117
-2.277943
-2.369601
-0.584196
-2.310671
-1.672018
-2.468731
-1.791979
-0.585782
-0.056788
-4.020327
-2.101002
-1.921329
-2.638488
-2.054994
-2.564065
-0.182595
-3.403916
-4.382583
-0.573321
-3.399880
-3.978690
-1.572921
-2.643861
-2.063735
-1.958612
0.075750
-0.976808
-0.138878
-1.778222
-1.280344
-4.946784
-4.285741
-2.251923
-2.522546
-2.651020
-3.667773
-1.910731
-2.405280
-3.412301
-2.992621
-2.913760
-3.083359
-0.231435
-3.209671
-1.442122
-2.854042
-2.801764
-1.297675
-2.976965
-2.721233
-1.763484
-0.147879
-3.183483
-0.915609
-0.264871
-0.658913
-3.292987
-1.843844
-2.613890
-2.221050
-1.286860
-10.771492
-0.706846
-4.987877
-1.474366
-2.869681
-4.733176
-1.441897
-2.944663
-2.653781
-0.174739
-2.482481
-0.914173
-2.959520
-0.581550
-1.409111
-3.458424
-0.745793
-3.266112
-0.560571
-3.678151
-0.990343
-0.719921
-1.409057
-3.732982
-2.358809
0.300297
-4.018511
1.043722
-1.865245
-1.724420
-1.489151
-2.972846
-2.780806
-4.339115
-1.757733
-3.128654
-4.683338
-3.695574
-0.908421
-1.964377
-3.412925
-1.144891
-0.482243
-1.153804
-2.863424
-1.049890
-2.541796
-1.481511
-2.548857
-2.951560
-3.000291
-3.034071
-3.885475
-4.280417
-3.576696
-5.500334
-3.071532
-1.124833
-1.573973
-1.967890
-1.803611
-2.077743
-3.022751
-2.309071
-1.765101
-3.013890
-0.291752
-1.992431
-0.825970
-1.120720
-2.581956
-2.324388
-3.637832
-1.928584
-2.849226
1.258409
-4.553279
-2.025127
-3.109506
-2.038067
-2.121588
-2.685620
-5.195348
-2.099719
-3.767519
-0.360624
-1.928355
-1.751565
-3.063892
-0.405161
-1.468246
-3.279837
-0.735922
-2.484396
-3.161127
-3.390399
-4.937993
-2.697894
-5.083563
1.122653
-2.247774
-3.912627
-2.895933
-4.133532
-2.407719
-3.503278
-2.127304
-1.678999
-1.656523
-2.654577
-4.495800
-3.323845
-3.017550
0.476987
0.931153
-0.294884
-4.606411
-2.369179
-0.832534
-2.645315
-1.117243
0.684143
-0.733760
-2.831326
-2.249516
-1.803086
-2.148643
-2.363160
-3.564047
-1.766082
-3.851212
-0.843719
-3.107315
-1.442756
-0.371379
-2.574507
-1.567307
-2.906012
-3.308855
-4.439559
-2.780952
-1.623527
-1.063917
-3.260026
-2.571656
-4.376088
-2.673750
-1.872065
-2.157984
-0.804680
-1.548258
-1.980446
-3.323714
-2.428341
-1.595070
0.139614
-1.798130
-2.553966
-2.572855
-0.979888
-1.842030
-2.335324
0.880683
-3.868354
-1.300286
-0.450110
-1.194842
-1.788280
0.310595
-1.598910
-1.639522
-1.087153
-4.548831
-1.939727
-2.415960
-2.320436
-5.026062
-1.860231
-2.865851
-0.216707
-0.653152
-4.199331
-2.697465
-2.029524
-6.865068
-1.092598
-0.331673
-4.124081
0.623358
-2.645288
-2.650398
-1.345592
-1.569741
-3.497112
-1.326200
-1.355419
-2.946664
-3.205269
-5.163895
-1.294373
-2.989958
-1.434501
-1.682646
-3.652080
-2.243145
-1.372343
-2.413337
-1.901730
-0.631992
-1.613992
-2.991606
-2.928111
-2.266722
-5.023695
-2.213829
-11.774351
-3.624146
-5.338624
-4.493567
-2.445912
-0.891826
-1.157774
-5.274364
-1.586002
-1.629438
-3.052611
-3.661453
-4.515916
-2.328092
-0.734447
-6.107078
-2.457910
-2.120972
-3.945354
-3.397313
1.243674
-0.731940
-2.704637
-3.890810
-5.568746
-2.764172
-3.093547
-0.193280
-3.720121
-2.697606
-3.567626
-2.872395
-1.667659
-6.502400
-1.717521
-4.268281
-1.682452
-0.673548
-0.557643
-3.538497
-1.440828
-1.343124
-2.454656
-2.290427
-2.031071
-0.777480
-3.047322
-0.710013
-3.641821
-0.962902
-2.896307
-3.654588
-1.853220
-2.546715
-2.194810
-2.482694
-1.961940
0.117007
-3.686975
-1.355340
-1.759926
-0.792109
-4.455236
-3.297528
-2.437416
-3.566067
-0.241196
-3.951955
-0.387098
-2.260564
-3.130032
-3.195888
-0.840243
-3.533256
-0.749939
-2.870053
-2.083831
-3.864143
-3.608246
0.368239
-0.806836
-0.198728
-0.898069
-3.778825
-0.922576
-3.345464
-1.641891
-3.640399
-1.487768
-1.849429
-4.018041
-2.839413
-3.466231
-1.543367
-4.035285
-3.518604
0.999748
-2.755543
-3.018101
-1.863370
-2.638954
-4.827733
-2.260416
-1.244152
-1.600882
-3.135475
-1.540705
-1.804363
-1.880352
0.489866
-0.327179
-3.223138
-4.359537
-1.502968
-1.522886
-2.211297
-2.282537
-2.318667
-2.815362
-3.569252
0.589184
-2.692731
-1.027986
-1.288118
-1.477500
-0.864225
-2.593709
-0.461044
-1.592265
-1.417878
-4.173887
-2.021644
-0.656554
-5.502607
-2.611737
-2.924068
-1.067625
-0.493699
-2.892359
-0.360258
-1.164274
-2.773274
-1.195546
-3.604252
-2.339322
-1.479614
-2.871650
-2.805658
-1.263389
0.258550
-5.656625
-3.268210
-2.617640
-2.284375
-0.470188
-0.947405
-2.823612
-2.364427
-11.044084
-2.249889
-1.535832
-1.454075
-2.395195
-0.681040
-1.843483
-2.530846
-1.838645
-1.575453
-1.507655
-2.197678
-3.720103
-1.464096
-2.247823
-1.905619
-1.597158
-2.487866
-1.703087
-2.813104
0.916454
-2.257599
-3.317825
-2.505995
-2.255808
-2.485158
-2.526923
-1.128289
-4.868319
-2.482150
-2.384455
-2.319527
-1.056197
2.909616
-3.720667
-2.533265
-2.701707
-1.361134
-4.786586
-1.475962
-2.527105
-1.946943
-2.496309
0.813575
-3.547914
-2.293722
-2.244069
-2.376689
-2.051763
-1.903476
-2.150249
-3.509825
-2.564253
-3.193403
0.948264
-3.170920
-3.011036
-1.372033
-3.406905
-0.557819
0.105595
-1.818074
-1.534610
-3.439956
-2.981586
-2.153239
-2.650310
-2.052259
-4.526026
-5.363197
-2.680274
-0.857174
-4.594631
-3.608227
-0.742036
-1.724046
-2.364199
-1.125435
-1.676550
-2.811098
-3.141437
-3.711174
-0.725814
-4.713452
0.154543
-4.294540
-2.116617
-2.842144
-3.913602
-5.051470
-3.410258
-3.650283
-3.067593
0.358262
-0.177502
-1.834987
-3.782675
-2.284496
-1.706793
-3.923579
3.592245
-2.812382
-1.434498
-1.697949
-1.541293
-3.475471
-1.668221
-1.204010
-2.234165
-2.551168
-1.269148
-2.252329
-1.298360
-2.190003
-4.202981
-0.835871
-3.487964
-3.327065
-1.998753
-2.655074
-1.296394
-2.173409
-1.477341
-3.800254
-3.246060
-2.949255
-2.809334
-0.929412
-2.647351
-2.108168
-1.781199
-1.648135
-0.478502
-2.987226
-3.182722
-2.950731
-0.689156
-2.720864
-2.943099
-3.057457
-2.033781
-2.635073
-2.699236
-3.455144
-2.484009
-2.238420
-0.773188
-0.765262
-2.198701
-5.762165
-5.463633
-3.798551
-2.816835
-2.484070
-2.745383
-1.379027
-2.793277
-1.331669
-1.364591
-1.636771
-1.796907
-2.735337
-2.411948
2.612947
-2.363856
-2.386907
-4.295803
-1.440578
-4.436980
1.833046
-3.104015
2.005661
-1.768208
0.443276
-1.550547
-2.108778
-0.705066
-2.006835
0.984372
-1.404486
0.037643
-1.447299
-2.913025
-3.058757
-1.173757
-1.400695
-2.495467
-5.072865
-3.255185
-2.378770
-0.869785
-0.486638
-1.628564
-1.469167
-3.664526
-0.254735
-1.819368
-3.076236
-2.881130
-1.517153
-2.012750
-4.001575
-4.123619
-1.970010
-1.461557
-5.262951
-1.839215
-1.786560
-0.552501
-1.654514
-1.164224
-2.334915
-2.271715
-3.415762
-3.294524
-1.972401
-2.076919
-1.310123
-3.083409
-3.150563
-2.614566
-2.140778
-1.955120
-2.385154
-2.697427
-0.968278
-2.989580
-0.690886
-4.575058
-2.281764
-4.505797
-3.073753
-2.630711
-0.261816
-1.884149
-2.553730
-1.117905
-3.068354
-1.976064
-2.278139
-2.639897
-4.024331
-1.815235
-3.876261
-4.398999
-1.621158
-0.607841
-4.116492
-1.531373
-4.010746
-4.053048
-3.570049
-3.191659
0.018178
-3.304986
-3.319852
-5.200949
-3.649438
-1.591551
-1.505709
-2.253454
-2.642745
-2.837732
-3.293654
-0.395993
-4.189454
-3.683479
-2.001848
-2.634414
-3.098279
-0.147538
-0.676458
-3.044932
-1.974709
-3.654496
-2.709089
-1.527536
-4.361976
-2.118131
-2.239259
-3.196533
-3.194752
-1.076561
-1.163291
-2.338203
-1.961927
-3.189378
-3.042734
-5.303347
-1.462294
-2.655665
-3.536219
0.142721
-2.430203
-4.466574
-2.939292
-3.073411
-2.822008
0.020768
-2.560515
1.287655
-5.049944
3.075956
-3.656093
0.060920
-2.635900
-1.154754
-1.537135
-2.748544
-2.514220
-1.728951
-3.472348
-0.584119
-3.415840
-1.031563
-3.855855
-2.871459
-3.931910
-2.068218
-3.238062
-4.446035
-3.483677
-2.441531
-1.253266
-0.608598
-2.111098
-2.154002
-3.593078
-1.728145
-2.794587
0.062151
-1.816255
-1.888877
-2.450397
-4.097958
-3.383794
-2.259498
-4.451837
-2.883218
-2.039435
-4.279786
-3.816918
-2.920728
-2.375185
-2.837242
-0.175096
-1.052270
-1.972001
-5.371340
-2.674914
0.437305
-2.369647
-2.038347
-2.369606
-1.862602
-2.203577
-1.450879
-2.033437
-4.472434
-2.666609
-2.291983
-2.878334
-3.571873
-1.684040
-3.602617
-4.890099
-4.289223
-3.140390
-0.875571
-3.712186
-3.343533
-1.797955
-7.148190
-3.067266
2.254281
-1.065655
-2.376668
-1.506675
-2.593264
-1.526516
-1.453140
-0.812923
-4.138488
-1.767094
-2.023735
-4.570427
-0.997654
-1.639959
-4.013447
-3.661054
-1.480367
-4.425302
-2.139421
-2.538779
-1.948349
-1.574746
1.561653
-1.909049
-1.795849
-4.273895
-1.995406
-0.578422
-2.453768
-2.170549
-3.499812
-1.396440
-1.835116
-2.779394
-2.737875
-2.299366
-4.036946
-1.692411
-2.515122
-4.005053
-1.809052
-1.020473
-1.992639
-3.216571
-1.992729
-2.891784
-3.903894
-3.912291
-2.831999
-0.114213
-1.696780
-3.873086
-2.106020
-1.517584
-1.949891
-2.891664
-2.761588
-4.482702
-1.882371
-4.221652
-1.958006
-2.673366
-3.422440
-2.255833
-2.450063
-1.221667
-1.332366
-2.026346
-3.467558
-1.942012
-1.977798
-3.631387
-3.451742
-2.984093
-1.125986
-3.016558
-1.604185
-3.495835
-3.866118
-1.684175
-2.488514
-1.887889
-2.320740
-1.387460
-2.545041
-4.257878
-1.362682
-2.626402
-2.758643
-1.070258
-2.340267
-1.474105
-2.069910
-2.780893
-2.809266
-1.343901
-2.531889
-6.063935
-1.595707
-2.094517
-4.037517
-3.055273
-0.765131
-2.969611
-2.649555
-3.126678
-2.327602
-1.716750
-2.870283
-1.586223
-2.166819
-1.649169
-1.457930
-1.594965
-2.207683
-0.640890
-3.649516
-0.753093
-1.474348
-2.885620
-0.583116
-3.070507
-3.220910
-3.624584
-2.746609
-2.297199
-1.431694
-2.463166
-3.429493
-2.395225
-2.945395
-2.214169
-2.913265
-0.825139
-1.933531
-3.200391
-4.769042
-1.979212
-2.524693
-4.966883
-1.169212
-0.566500
-2.492607
-1.770234
-2.060004
-2.384419
-3.003562
-1.206438
-3.841702
-2.284629
0.044639
-2.109075
0.596568
-2.446749
-1.670164
-2.054229
-1.119881
-4.127330
-2.967496
-2.560032
-1.097812
-3.526114
-3.242985
-2.377204
-0.692608
-4.834220
-1.776593
-3.473698
-1.565174
0.025472
-2.856192
0.234727
-3.484517
-3.671947
-3.137748
-6.826517
-1.979359
-5.015408
-2.176022
-4.863445
-2.222095
-3.340958
-2.662015
0.361734
-2.840876
-4.296868
-0.487403
-3.218903
-2.962717
-2.250379
-5.276282
-0.567766
-4.253225
-1.978625
-5.361366
-0.849249
-1.880319
1.173673
-0.727956
-3.193176
-0.971191
-2.079867
-0.744950
-3.382687
-0.903429
-3.172020
-0.238052
-0.080143
-3.331910
-2.006426
-1.904653
-3.984456
-0.781793
-1.965395
-2.640937
-2.442332
-2.449453
-4.571022
-0.665419
-1.700656
-1.467810
-3.829150
-2.293487
-1.267871
-1.813027
-1.470654
-4.529138
-2.900932
-3.621054
-3.801904
-3.178594
-2.082895
-2.187083
-0.147165
-5.395799
-3.184096
-3.393237
-4.530155
-1.011035
-1.192233
-4.980437
-1.922898
-2.416242
-1.179560
-3.091819
-1.999781
-0.498698
-0.995793
-3.557670
-0.092463
-3.873384
-2.692185
-3.848511
-3.118311
-3.322569
-2.857987
-1.806650
-2.430865
-1.431360
-2.504069
-2.156869
-1.464747
-0.652364
-2.502392
-3.689861
-2.213306
-3.525919
-6.009669
-1.657809
-1.879691
-1.481898
-3.734170
-2.471778
-5.427153
-3.165706
-2.446002
-1.020622
-3.488127
-3.257842
-1.318308
-0.902513
-3.022147
-0.075878
-1.744120
-5.015901
-2.787897
-4.357652
-1.925844
-2.733975
-0.818575
-1.350153
-2.029925
-1.214722
-2.107212
0.536552
-0.825754
-0.552164
-2.528353
-5.764461
-2.991682
-3.378128
-2.897591
-2.301269
-2.283280
-3.079823
0.923653
0.569541
-1.985255
-5.374115
-3.954509
-0.520525
-2.349496
-4.375842
-1.885517
-0.955397
-1.466556
-3.799685
-2.829039
-2.574476
-1.225632
-3.143820
-2.953691
0.131994
-2.861312
-3.359131
-1.089306
-0.566917
-3.293163
-2.087127
-2.259890
-1.524780
-2.311132
-2.924558
-1.732120
-1.477933
-2.838240
-3.262918
-3.139581
-3.705236
-1.087977
-1.652250
-3.035239
-2.022280
-4.113544
-1.953173
-3.005457
-2.553702
-2.418955
-2.207365
-2.766242
-1.901313
-1.413601
-3.255591
-2.279172
-4.013830
-3.181247
-3.242886
-2.464707
-4.511922
-2.287814
-1.868947
-0.902469
-4.080008
-2.061951
-4.625167
-4.351114
-3.149180
-2.332206
-0.818767
-2.157304
-4.621870
-1.671005
-3.503256
-3.108743
-4.238970
-2.674185
-3.540246
-2.583272
-2.350219
-3.950017
-2.482974
-4.078090
-1.677382
-3.143741
-3.924556
-0.827958
-1.254483
-3.049331
-2.209971
-2.258979
-0.973162
-2.530971
-2.657799
-3.431151
-0.749070
-1.413481
-2.708440
-4.332274
-1.815995
-1.297475
-0.934989
-2.729662
0.209216
-3.140805
-3.980615
-3.559116
-0.533403
-1.693440
-1.618776
-2.906368
-1.929968
-3.166604
-1.394884
-1.848809
-0.410251
-2.518721
-3.558848
-1.885397
-5.059912
0.243971
-0.507180
-1.704853
-2.741014
-2.539526
-2.794904
-1.681248
-0.665369
-2.373760
-4.025726
-3.443395
-2.005797
-1.743536
-0.410714
-3.472736
-3.673267
-3.572917
-1.094166
-1.983491
-0.477434
-1.943896
-3.274536
-3.152758
-0.689058
-1.105583
-1.605791
-0.114917
-0.477831
-2.371254
-1.700318
-3.699641
0.378530
-1.691022
-2.796450
-11.232512
-3.727777
-2.364234
-1.487752
-1.556642
-0.312606
-2.591581
-4.245100
-3.487866
-2.306759
-5.005688
-0.878679
-1.901819
-2.300612
-3.637589
-2.084884
-2.896799
-1.184596
-1.691835
-3.578115
-2.919143
-1.102472
-2.717891
-1.750231
-1.823563
-0.273336
-1.586837
-3.507607
-2.097801
-3.661184
-3.938757
-1.510668
-3.923852
-1.450734
-1.840800
-2.355277
-0.273630
-2.835692
-2.719455
-2.328014
-3.700684
-2.552958
-0.598637
-0.189494
-2.683408
-1.852770
-2.816283
-3.949805
-1.339636
-2.976453
-0.408379
-2.773532
-2.302440
-1.915868
-5.091866
-2.503955
-0.426629
-3.688969
-2.751727
-2.821169
-2.057766
-2.997987
-3.788614
-3.902860
-2.506966
-0.072810
-3.161709
-0.824038
-2.743324
1.160550
-1.481203
-1.492567
-2.837096
-3.789958
-2.820715
-2.032450
-2.956110
-3.710683
-3.243897
-1.125644
-2.212749
-4.356721
-3.180290
-2.821106
-1.186402
-2.203266
-4.510597
-1.699820
-2.915297
-3.578137
-2.914615
0.002089
-2.358178
-4.834241
-4.371511
-4.051902
-1.284037
-0.188236
-0.290841
-2.617932
1.443653
-7.778250
-2.957146
-3.586178
-1.115147
-1.898780
-4.313604
-5.483654
-3.714886
-2.702431
-3.212259
-2.327806
-3.583479
-1.632327
-1.148981
-2.105851
-0.904539
0.064375
-2.563035
-0.976108
-2.759266
-1.515198
-0.946056
-3.393067
-6.017372
-7.232175
-3.887675
-3.567514
-3.395844
-2.283902
-2.950538
-4.518482
-2.394097
-3.005724
-2.061064
-3.336995
-1.561033
-2.372488
-2.692251
-0.864926
-1.934016
-1.860365
-1.086795
-3.206845
-4.414793
-2.229463
-3.602357
-1.827890
-1.306620
-1.290675
-0.049975
-1.495636
-2.496277
-2.885453
-5.285155
-0.538213
-3.030976
-2.333753
-1.836396
-5.410966
-1.618026
-1.051742
-1.187562
-2.246524
-0.448265
-2.341991
-2.972830
-4.035417
-4.084830
-1.173973
-1.576664
0.357707
-4.711387
-2.263398
-3.762234
2.384381
-1.842799
-2.754209
-1.786571
-1.963023
-3.413965
-4.984615
-2.578056
-3.024582
-5.493275
-0.331695
-6.303619
-3.662952
-3.008210
-4.197388
-1.380434
-1.728402
-1.591297
-1.419271
-0.998066
-2.942011
-0.960265
-4.433042
-3.477505
-1.463210
-0.056780
-3.975324
-3.015095
0.667325
-3.172874
0.065947
-1.372193
-1.266055
-2.111943
-2.407869
-1.953107
-1.795513
-1.525466
-5.018917
-1.075565
-2.116481
-4.051261
-2.122072
-1.057401
-3.807535
-3.306697
-2.099890
-1.385054
-3.719958
-0.549392
-2.724115
-6.486222
-2.269934
-1.162374
-2.846962
-1.560200
-0.816096
-2.856517
-1.260349
-3.084671
-1.532706
-2.437818
-1.808615
-0.605814
-2.983505
-2.380257
-1.411091
-1.624472
-1.874905
-2.332559
-2.324549
-2.179170
-1.734113
-3.217864
-1.471952
-0.042355
0.245050
-2.040855
-1.908670
-3.477002
-1.614861
0.034304
-3.397007
-2.515204
-3.127453
-0.825026
-4.120805
0.037849
-2.183169
-2.379910
-3.006323
-1.723152
-3.092083
-1.799955
-1.368041
-3.949535
-2.458505
-3.932784
-2.481833
-3.188602
-3.440480
-2.485303
-2.659897
-2.931208
-2.640302
-3.191391
-2.125116
-2.736047
-3.419373
-0.005264
-4.771293
-3.188278
-3.708044
-1.497220
-2.782960
-2.502884
-4.177678
-2.936441
-0.521029
-0.830680
-3.146858
-1.877642
-3.299243
-2.451813
-3.147131
-1.402359
0.619185
-2.444809
-2.130280
-2.477672
-1.382597
-2.694943
-1.516436
0.506821
-0.438923
-2.974409
-2.119473
-1.233099
-2.038893
-2.615203
-2.362050
-3.048985
-3.465065
-1.766858
-3.191222
-1.849012
-1.527070
-1.296328
-2.641914
-2.060759
-3.925329
-2.564369
-1.898472
-2.370930
-1.117408
-2.589823
-1.221713
-4.655581
-4.034169
-1.216542
-2.303077
-1.718025
-0.256598
-2.268517
-4.343406
1.599441
-3.989216
-3.049943
-2.114218
-1.047524
-0.035712
-3.086967
0.798202
-2.989526
-2.216449
-0.955590
-1.231762
-4.156537
-3.533031
-4.482084
-2.735664
-4.864430
-2.090910
-0.262954
-4.683512
-3.741876
-1.331919
-0.565878
-3.967473
-1.027214
-2.209583
-2.783513
-1.631383
-0.173284
-2.796602
-2.653074
-2.050027
0.145736
-4.119771
-1.525638
-0.834154
-3.409186
-0.680552
-1.768977
-2.703160
-2.763393
0.397252
-0.614350
-5.706265
-3.934295
-0.518946
-4.164501
-4.891871
-3.261658
0.065727
-1.822309
-3.855350
-3.712001
-3.497801
-1.198883
-3.063198
-1.425290
-5.816098
-1.807988
-3.310475
-0.959610
-2.254200
-3.301149
-3.783995
-0.105814
-2.262257
-2.750505
-3.715864
-2.506941
-1.599457
-1.927566
-2.218276
-1.918102
-4.332220
-0.302805
-3.711964
0.260831
-2.622291
0.212562
-0.340950
-3.182063
-1.714656
-0.731162
-4.215845
-2.637238
-2.387022
0.405531
-2.477345
-3.075323
-2.007723
-0.698809
-0.400864
-4.628608
0.638822
-4.029490
-0.004201
-2.416223
-1.001133
-0.679350
-0.437142
-4.400477
-3.412297
-0.811723
-4.086543
-1.444570
-1.304201
-2.632345
-4.855629
-2.890990
-3.096944
-1.322359
-1.760422
-2.027344
-5.297586
-2.071279
-1.675339
-1.632447
-2.819155
-1.719033
-1.735674
-0.246894
-1.285693
-3.735753
-2.410497
-3.346376
-1.243460
-1.973202
-2.412163
-3.080686
-3.982047
-1.393027
-2.354132
-1.545737
-0.749319
-4.548577
-3.221532
-4.049962
-1.632762
-2.367581
-4.125777
-2.501655
-2.817667
-3.721956
1.350565
-2.219441
-1.625988
-3.561667
-2.984482
-2.074622
-4.480124
-1.264784
-3.769858
-2.466118
-2.921916
-3.154640
-4.143097
-3.441814
0.622983
-2.091898
-2.776133
-3.216608
-1.611374
-4.385433
-3.639413
0.113831
-3.075172
-2.786975
-1.284101
-1.739201
-1.288540
-1.775451
-2.141998
-1.767867
-2.191186
-2.001630
-1.235167
-1.684799
-0.591369
-3.585804
-2.370101
-1.888630
-0.517900
-4.439993
-2.493060
0.117007
-3.540084
-2.327472
-2.073343
-0.370321
-3.274959
-2.093186
-2.359405
-5.084859
-3.283160
-1.588629
-1.669884
-1.605940
-1.084230
-2.406936
-2.635398
-3.216031
-0.959715
-3.467961
-1.303249
-0.283731
-2.612945
-1.939205
-2.264133
-3.363498
-3.906884
-2.899377
-3.739086
-2.938473
-1.387175
-4.626656
-3.792639
-1.090115
-2.405008
-2.619501
-4.034053
-3.331961
-1.620490
-0.663085
-2.171787
-1.115482
-2.844078
-1.079891
-2.276171
-1.227814
-0.987809
-4.162443
-6.013776
-2.081978
-3.129446
-2.041153
-2.806125
-0.789840
-2.122006
0.006331
-2.571017
-2.354351
-1.521501
-1.683642
-2.956670
-2.378541
-3.880924
-0.287064
-2.772783
-3.514021
-2.107440
-5.913384
-1.601714
-4.541878
0.147490
-3.660873
-2.427223
-3.276649
-1.328153
-2.770420
-1.361763
-3.710090
-2.057075
-2.779533
-1.849800
-2.757181
0.563139
-4.960726
-1.763076
-0.413423
-2.562545
-0.896879
-3.898146
-2.457546
-0.763583
-4.131911
-3.812858
-3.742989
-0.805211
-2.493783
-2.988370
-4.543667
-2.666524
-2.269959
0.414107
1.104252
-3.174545
-1.595099
-3.228750
-2.038522
-4.602288
-3.510237
-4.784769
-3.099493
-1.338688
-1.097831
-2.926376
-2.049503
-1.410473
-2.204451
-4.656597
-1.258208
-2.390023
-4.434072
-4.806421
-0.889066
-0.803106
-0.681666
-2.996793
-3.042557
-0.749657
-1.814889
-0.536602
-2.456860
-3.285749
-3.974017
-1.835829
-3.758175
-2.100353
-2.101783
-3.373193
-1.652251
-6.631924
-3.365345
-1.749129
-2.896541
-2.338065
-1.184505
-2.992410
-2.657558
-0.030068
-5.163942
-0.263997
-3.041308
-2.406653
-1.443003
-2.884639
-1.778461
-1.490968
-1.412744
-1.247801
-2.116652
-2.284698
-1.013207
-6.662055
-4.424061
0.015183
-2.014043
-4.215924
-2.642905
-1.172150
-1.563798
-3.444993
-4.201488
-0.488494
-3.307749
0.160253
-2.026507
-1.604807
0.010751
-3.508466
-2.246814
-0.734833
-1.949016
-0.920945
-1.335085
-4.022331
-0.381645
-3.520617
-4.506468
-4.162735
-6.468233
-1.393509
-2.127229
-2.212644
-2.713198
-1.582178
-3.749989
-2.424546
-2.822610
-2.809219
-3.603562
-0.268860
-3.409890
-2.317084
-2.019654
-0.078434
-2.633004
-1.146043
1.163110
-2.280098
-1.180413
-2.386656
-1.509672
-3.476891
-2.979711
-4.228938
-2.010410
-1.519229
-2.776519
-4.134717
-3.209331
-0.684137
-2.194330
-1.122793
-2.402918
-4.541531
-4.009763
-3.693032
-2.225510
-4.865729
-4.145895
-1.749991
-1.875304
-2.271044
-3.344996
-4.487088
-2.505946
-3.557379
-0.534126
-3.898257
-2.169889
-2.844578
-0.415799
-5.190072
-4.166095
-1.861566
-3.080146
-1.349080
-4.398141
-0.826324
-2.474288
-2.708722
-0.296068
-1.906910
-1.253731
-2.539783
-2.586245
-4.594238
-5.323507
-2.993137
-2.644482
-1.143306
-3.722004
-1.046228
-1.320261
-4.099715
-2.898259
-3.420941
-1.399169
-1.092125
0.266433
-3.279918
-2.870256
-3.289371
-4.982216
-3.465347
-2.167151
-0.444539
-2.304874
-0.942750
-1.707549
-1.928544
-2.915616
-4.034933
0.005025
-1.436072
-1.813154
-2.291732
0.331839
-4.779150
-3.882795
-3.089740
-2.627432
-2.426270
-3.143603
-2.004545
-3.761596
-3.024584
-0.222867
-3.164090
-2.093703
-2.311706
-1.295494
-4.705918
-0.642801
-1.287133
-3.540638
-3.043089
0.188972
-3.709176
-4.462246
-1.810915
-1.842947
-0.278971
-1.200228
-4.898456
-4.181576
-4.190460
-0.874146
-1.468452
-3.516418
-4.000735
-0.738259
-1.498225
-2.533482
-2.655618
-3.197334
-2.739804
-1.064633
-2.822995
-1.808265
-4.822638
-2.452102
0.387087
-5.056747
-2.269538
-0.765666
-2.986314
-4.189110
-4.920433
-3.230017
-3.113968
-2.167678
-6.149838
-3.045253
-3.068920
-2.095323
-2.266309
-2.202547
-3.073789
-2.412804
-4.535674
-1.431614
-0.921303
-1.436165
-4.796786
-3.109750
-1.088522
-0.569008
-2.764613
-5.336813
-2.230165
-3.204646
-1.424204
-4.211490
-2.196777
-4.438464
-1.551776
-2.033776
-1.383852
-2.679434
-5.177373
-2.436357
-2.856696
-2.689761
-3.766159
-4.365593
-1.778787
-4.237622
-2.781441
-3.038623
-0.239516
-1.765160
-5.464060
-3.746105
-1.933694
0.135354
-1.300958
-1.495276
-3.468369
-1.553719
0.123182
-3.173925
-2.451718
-3.701791
-3.551132
-2.680457
-3.586373
-3.072187
-2.719111
-2.089420
-2.496760
-2.768178
-3.329862
-1.947421
-1.783649
0.742033
-3.813066
-6.153396
-3.831439
-4.589014
-0.183169
-2.214478
-0.028844
-3.211207
-2.831655
-2.468656
-4.014617
-4.398248
-2.270705
0.992871
-1.964868
-3.530589
-2.162801
-3.571178
-3.762334
-3.299362
-3.556782
-4.095693
-1.515262
-4.770141
-1.778225
-0.441071
-2.652716
-2.648197
-2.265039
-0.818287
-3.661210
-3.542209
-2.623428
-2.188390
-4.030279
-2.725171
-2.245482
1.106951
-3.143377
-2.950778
-4.128055
-1.460376
-3.962865
-10.593984
-3.928001
-3.200042
-3.762765
-3.302571
-3.896847
-3.669628
-1.139649
-11.403229
-0.918520
-3.115990
-2.933145
-3.623012
-1.441904
-0.436766
-0.055243
-0.612170
-6.005139
-1.275124
-1.231522
-2.243605
-3.473979
-1.446651
-1.627463
-2.595874
-4.299660
-3.199287
-3.087525
-1.543339
-2.460418
-2.641937
-2.974027
-3.897274
-0.864742
-2.188383
-3.258589
0.018016
-3.724110
-5.259873
-1.336919
-3.742950
-4.123532
-2.756532
-1.413164
-1.197083
-2.267091
-0.965672
-3.063612
-3.328478
-3.092778
0.627635
-2.044267
-2.354251
-0.823688
-1.051146
-1.200519
-2.313313
-3.803180
-2.884151
-2.642665
0.284336
-3.167829
-1.908569
-3.143846
-3.401785
-4.354917
-2.183210
-1.915220
-2.906138
-2.407868
-2.549381
0.936419
-4.376129
0.699220
-4.957121
-2.803773
-3.189324
-1.319217
-2.677680
-2.512155
-1.534469
-1.797364
-1.341459
0.647907
-4.006350
-3.268502
-2.751216
-3.642560
-1.989400
-1.248658
-2.127198
-0.287109
-4.812805
-3.829607
-0.761070
-0.807584
-1.600162
-1.150087
-1.674431
-2.449357
-10.150808
-0.793524
-2.343279
-4.981521
-1.453527
-1.331612
-0.108450
-2.056160
-4.103971
-5.086434
-2.943776
-2.396992
-0.842023
-7.181111
-3.072289
-1.075025
-1.289894
-3.480560
-2.534920
-2.678798
-5.381797
0.018792
-2.079860
-0.442844
-2.098508
0.720660
-4.610813
-2.860421
1.065070
-1.148690
-5.157757
-2.633054
-2.141504
-3.385280
-1.149879
-3.118052
-0.928459
-3.789630
-4.757695
-2.622132
-1.984652
-0.966887
-2.260660
0.304614
-2.726731
-4.119800
-1.020354
-1.270726
-1.696789
-3.741184
-1.085281
-3.312985
-4.426327
0.084051
-0.195191
-3.438662
-0.557168
-3.136849
-3.097320
-1.944143
0.016077
-4.053600
-1.061760
-3.445128
-2.071589
-2.838920
-5.033506
-4.666133
-4.517179
2.233339
-2.797278
-2.744045
-2.056100
-2.234789
0.609870
-2.769557
-0.684074
-1.331699
1.431593
-3.692968
-3.279976
-1.277882
-2.312818
-3.241572
-2.391357
-0.651417
-1.942331
-1.869670
-1.318406
-2.838817
-2.038443
-4.793201
-2.247670
-3.985106
-5.283643
-0.198324
-1.843880
-4.648151
-3.223982
-4.342216
-3.188933
-4.223240
-3.175640
-3.259014
-2.235397
-3.396703
-2.251691
-3.976742
-2.958309
-2.099248
-4.856066
0.092889
0.019317
-2.205714
-1.815874
-3.274340
-5.358979
-3.128514
-0.713072
-3.936510
-3.048066
-2.836906
-3.090589
-2.301127
-2.282559
-0.205917
-3.050393
-2.558117
-2.905701
-6.098648
-1.728358
-2.757247
-4.113679
-4.229424
-3.452961
-4.434763
-1.474898
-4.660996
-2.303063
-3.757580
-3.528901
0.240917
-2.594737
-2.227233
-2.158188
-4.000434
-2.709287
-2.278956
-2.502166
-2.694381
-6.049744
-0.615524
-2.728393
-3.412364
-4.265508
-2.539008
-2.348044
-3.400454
-1.247039
-4.412932
-1.499746
-0.960820
-2.439789
-3.853757
-1.537143
-3.328511
-3.222877
-1.608736
-1.238581
-3.976001
-2.467249
-3.623193
-3.171532
1.148124
-3.058518
-4.206326
-2.356384
-1.360697
-1.345767
-1.968279
-0.212675
-3.104748
-2.486879
-4.147053
-1.614511
0.494414
-2.082905
-3.883044
-2.521181
-4.260084
-3.104375
-4.210662
-4.778717
-2.484521
-4.812565
-3.107230
-2.172670
-1.211971
-4.184499
-4.701491
-1.657779
-1.556492
-3.293799
-0.802885
-4.165138
-3.716875
-1.049972
-3.439509
-3.183318
-1.897070
-2.222704
-1.407086
-0.496662
-5.768121
-3.303809
-1.652684
-2.539561
-5.314985
-3.043043
-4.449960
-3.495982
-2.456059
-2.323714
-3.967209
-0.330449
-2.843586
-1.983958
-2.261348
-1.923946
-3.918105
-2.343285
-1.758447
0.007612
-2.892772
-1.539461
-3.060350
-4.589864
-2.191338
-3.145950
-0.272881
-3.962058
-2.313419
0.752244
-4.706228
-3.599437
-2.430243
-3.147822
-3.022799
-1.725869
-2.493248
-3.334125
-2.967349
-1.724063
-3.864448
-1.667808
-1.037597
-3.948720
-1.174097
1.188287
-2.013999
-4.392948
-3.234230
-1.376338
-1.866246
-2.822241
-1.033546
-3.516349
-0.284951
-1.170997
-4.778390
-3.381404
-1.433614
-7.143034
-3.437154
-2.752878
-2.637280
-3.433515
-3.232841
-4.903799
-3.317576
-2.351151
-1.970114
-1.133244
-2.981546
-1.698617
-2.811459
-1.856497
-3.199059
-3.175376
-1.673996
-3.706211
-2.878873
-1.487273
-4.351964
-3.734116
-1.470173
-4.835463
-2.401892
-3.796663
-0.931145
-3.670626
-2.234794
-1.631000
-0.506733
-4.949657
-0.573087
-3.860299
-4.132751
-2.530690
-2.351418
-2.295352
-0.871150
-1.977535
-3.980005
-2.410362
-1.157776
-2.300082
-1.632912
-2.028649
-3.390985
-2.625291
-5.902003
-1.765151
-4.542813
-1.705243
-4.943935
-3.528625
-4.482304
-2.691557
-3.775806
-2.763227
-0.583265
-4.293509
-2.552168
-2.058789
-0.868695
0.517725
-2.957312
-1.326895
-2.737349
-3.649556
-6.029844
-7.382324
-3.916514
-2.566506
-1.916550
-1.904467
-0.966575
-0.755891
-3.386291
-2.513620
-5.036370
-5.940979
-0.943599
-2.256571
-5.745622
-4.113148
-11.738829
-2.790761
-4.090624
-3.418083
-3.042300
-2.375754
-2.341295
-4.611068
-2.207491
-4.813812
-6.362430
-1.786092
-3.672592
-1.250344
-3.620280
-2.501230
-4.970272
0.438543
-1.384537
-3.123869
-2.407999
-1.664311
-1.042005
-3.247845
-4.778727
-3.871222
-1.328125
-4.012959
-1.608828
-3.531281
-0.752585
-4.477442
-3.260224
-2.125650
0.881480
-1.822178
-1.978798
-3.055335
-2.636848
-3.306286
-1.893710
-1.405311
-2.425973
-3.748755
-3.748778
-3.675406
-5.637683
-1.329396
-1.480661
-2.208510
-3.193117
-2.559166
-1.256607
-3.233435
-3.588352
-3.592547
-2.838588
-3.088603
-2.164937
-2.174206
-4.391899
-4.070604
-2.176240
-2.292218
-1.243375
-0.193466
-4.636134
-2.248625
-2.327296
-3.781820
-2.393878
-2.633233
-3.180157
-3.638529
-2.745146
-2.443742
-2.878053
-1.661575
-3.788678
-3.341398
-3.527206
-2.456309
-1.509532
-2.766078
-5.196661
-3.332976
-0.472434
-0.645029
-2.070751
-3.112180
0.191211
-3.226472
-0.858400
-3.357040
-2.524309
-2.969405
-2.085299
-3.321934
-1.267275
-1.918360
-3.277438
0.404212
-4.114558
-3.110213
-1.610597
-3.326829
-1.461231
-4.520564
-2.929245
-3.290859
-2.972497
-2.105853
-4.139503
-4.450429
-2.444618
-3.003786
-3.315149
-0.362531
-5.258974
-2.525214
-2.602548
-2.753155
-2.866028
-3.039100
-1.660102
-3.472161
-3.371785
-4.470272
-3.260720
-2.930392
-2.733813
-1.291710
-3.141185
-3.230835
-3.234406
-0.846299
-2.682389
-1.053012
-0.585672
-3.959813
-2.004598
-1.062312
-0.808061
-2.279430
-2.460660
-2.825313
-4.855036
-0.192231
-2.399332
-2.304832
-3.458454
-0.726004
-1.763793
-2.566271
-3.941391
-2.576022
-1.646215
-2.288921
-4.017821
-1.727875
-1.740176
-4.519229
-4.835797
-4.271069
-2.889711
-2.495892
-3.376289
-1.447083
-0.993667
-3.117082
-4.269973
-3.050419
-1.200474
-2.990813
-4.742944
-3.060838
-4.667718
-2.957447
-2.665309
-2.678818
-2.442157
-1.031821
-3.395564
-4.804456
-1.622497
-2.181265
-2.962219
-3.976174
-2.915090
-3.388570
-3.586733
-0.272012
-1.932911
-3.988869
-2.945694
-1.156494
-2.331220
-3.284352
-3.413584
-3.938889
0.710201
-4.364593
-1.362685
-2.131530
-0.445945
-3.411376
-1.831613
-2.018250
-2.919905
-5.866978
-2.811519
-2.511297
0.602474
-3.938157
-1.240889
-3.291884
-4.398196
-2.701715
-0.833856
-2.082231
-2.866648
-4.686160
-3.448628
-2.676471
-4.585359
-2.268330
-2.647305
-3.506977
-3.387196
-4.039518
-3.740988
-4.173190
-3.768133
-4.738274
-3.447417
-2.031839
-2.762350
-3.270559
-3.282034
-1.955480
-3.501325
-0.452536
-2.146049
-1.173511
-1.623197
-2.000965
-2.909659
-1.862498
-5.061097
-0.086791
-4.280328
-2.720074
-3.184284
-3.919886
-0.198232
-2.398984
-2.244641
-9.939787
-4.255752
-2.121707
-4.654805
-1.277143
-1.337861
-4.546700
-5.524920
-2.602241
-4.417040
-4.286078
1.920896
-3.954855
-3.455072
-2.042711
-1.672154
-4.229156
-2.973460
-2.571015
-4.712158
-4.952129
-4.262990
-1.446336
-3.541654
-3.830585
-1.437891
-2.418316
-2.869096
-2.627675
-1.814454
-3.055125
-2.692105
-3.116278
-2.805415
-2.076982
-2.769762
-1.796642
-3.285712
-2.295854
-0.632041
-1.998486
-0.692640
-2.719445
-4.269983
-3.373954
-4.016905
-4.752764
-3.150723
-2.319440
-1.892743
-3.610262
-0.299374
-3.239841
-3.714516
-2.399395
-1.104861
-3.352852
-2.154396
0.281888
-2.981908
-3.590787
-2.232691
-0.874739
-3.328790
-2.632463
-1.084207
-3.615507
-2.476587
-3.325164
-5.295966
-2.577081
-3.816564
-1.594709
-1.205222
-4.563148
-3.425650
-2.998002
-2.617334
-5.234962
-10.552799
-0.259389
-2.712608
-3.820749
-3.855412
-1.466552
-2.894501
-0.731807
-3.592943
0.059484
-3.949935
-4.217041
-4.734511
-0.716989
-3.421365
-1.737907
-3.663429
-2.701402
-3.232521
-3.475547
-2.519445
-3.527151
-2.091534
-3.897276
-3.861229
-1.506516
-2.558166
-3.542422
-3.202178
-3.968583
-3.185077
-2.852345
-2.716240
-2.059433
-2.457919
-3.963673
-2.159233
0.267456
-0.860526
-0.335827
-4.392368
-2.990618
-5.426081
-8.546003
-0.686803
-2.803993
-0.464279
-1.846272
-1.270808
-1.560220
-2.327023
-5.500046
-2.135497
-3.232154
-2.565561
-3.190362
-1.098556
-5.244919
-3.038583
-1.855949
-2.928655
-2.490106
-2.030987
-0.794137
-2.696720
-2.137675
-2.418837
-2.881270
-4.302865
-3.252935
-3.379961
-1.299568
-3.494011
-2.888745
-2.988617
-3.810571
-0.707766
-3.374312
-3.509690
-2.087464
-4.435801
-2.518231
-0.704478
0.477373
-0.379962
-2.927938
-6.831805
-3.471175
-7.654939
-3.252204
-0.972153
-5.446442
-2.839709
-2.788134
-2.905076
-6.064134
-3.221504
-1.826620
-3.395101
-4.541319
-2.722584
-2.585013
-2.140088
-3.633460
-3.335011
-2.155514
-2.439836
-2.512469
-3.900885
-0.479616
-4.506051
-2.169850
-3.171848
-2.291927
-4.666758
-1.134343
-4.629187
-3.351928
-3.723978
-1.673921
-0.831135
-3.125697
-3.475128
-2.251706
-2.189977
-3.887151
-2.040646
-2.050437
-2.488018
-0.887554
-3.109874
-4.647437
-3.115808
-3.119882
-3.629341
-1.525298
-4.093143
-0.389206
-0.573860
-1.943446
-2.252639
-4.363819
-2.615099
-2.159796
-3.229382
-2.960572
-2.751420
-1.827801
-2.819939
-2.233297
-1.716061
-4.496209
-2.869263
-2.743320
-2.150460
-2.326018
-0.713185
-2.984414
-2.938340
-0.291653
-1.991854
-1.725930
-4.898911
0.070729
-4.124498
-1.831663
-2.935717
-2.029980
-1.290992
-3.795471
-3.221725
-2.168190
-2.503928
-2.291250
-3.270834
-0.811627
-5.413171
-2.955527
-0.938098
-2.922139
-2.082507
-4.995174
-0.826528
-3.873294
-3.318178
-1.949541
-1.576428
-3.395602
-4.163034
-2.446985
-2.547918
-3.893215
-2.528324
-4.339906
-1.945888
-3.987293
-5.273452
-1.883546
-3.301352
-2.889636
-0.892892
-2.973917
-2.490283
0.404424
-3.217633
-5.924083
-2.237858
-3.899211
-2.340753
-2.245336
-0.465311
-1.955308
-2.063564
-1.073639
-1.111419
-2.860422
-4.903256
-3.852889
-2.067529
-4.447567
-3.330047
-1.930626
-1.425185
-2.430822
-2.715793
-3.122761
-5.480990
-5.504790
-5.365819
-0.706914
-2.840804
-1.263937
-2.011108
-0.517679
-1.713482
-1.982928
-3.492751
-4.758193
-4.065915
-1.622097
-3.234908
-3.264611
-1.560511
0.535915
-3.660253
-3.183455
-3.850915
-4.945043
-2.494514
-2.609202
-4.798667
-2.724130
-3.795908
-5.252077
-1.512676
-1.366090
-0.799708
-4.584888
-3.675241
-4.559559
-2.372745
-4.627970
-2.863074
-3.087566
-2.377634
-2.953755
-2.007718
-2.224064
-1.845268
-1.001123
-1.758352
-1.580576
-1.970009
-2.871136
-2.940104
-1.978554
-1.677645
-3.743465
-2.600202
-1.672136
-4.571517
-4.800821
-2.288524
-3.706618
-5.796512
-3.185707
-3.335802
-1.628916
-1.833775
-2.942380
-1.660711
-2.224541
-2.571103
-2.636568
-3.553837
-3.334601
0.177879
-7.740509
-1.735548
-4.366550
-1.592185
-3.191622
-3.706983
-0.116840
-3.787912
-3.077437
0.352166
-2.511028
-3.636884
-3.509294
-4.679285
-3.458795
-8.160637
-0.093990
0.493800
-3.885593
-1.790138
-1.654830
-1.164334
-2.178241
-2.710171
-2.006772
-3.000847
-2.814087
-3.038399
-1.913847
0.530833
-2.565817
-2.915681
-3.122513
-5.149554
-3.969347
-3.179502
-4.101643
-0.021092
-4.708577
-2.849531
-2.955914
-2.100261
-2.773929
-2.154789
-4.690043
-0.847291
-2.668855
-0.939506
-1.859032
-3.449627
-1.062818
-2.960539
-3.705500
-4.287644
-1.207153
-4.212320
-3.471574
-1.355763
-1.453584
-4.746807
-2.959548
-1.818806
-1.942908
-1.966696
-2.349101
-2.939250
-4.025501
-1.130220
-3.827067
-4.353605
-2.149007
-3.264793
-1.886602
-3.079359
-1.658951
-1.382666
-2.991456
-2.527672
-4.511258
-3.492840
-3.644626
-6.122108
-1.712731
-2.568734
-3.677002
-7.579766
-1.533137
1.535408
-0.566160
-3.354294
-4.265945
-2.886789
-0.405444
-1.551289
-2.160122
-4.316590
-2.491935
-1.272974
-1.784448
-3.314184
-1.759245
-2.671792
-0.189332
-6.410150
-1.453959
-4.361880
-3.492543
-1.724026
0.173492
-0.214803
-2.592538
-4.410114
-1.946196
-1.816014
-2.253505
-3.845659
-3.733782
-1.861590
-2.726393
-3.372415
-1.108233
-4.462478
-0.961462
-4.582044
-1.920510
-2.852832
-4.672931
-4.438764
-2.336663
-1.938422
-2.822551
-2.313619
-1.945565
-3.883494
-3.462478
-3.380773
-2.820608
-2.135990
-1.536548
-4.060937
-2.805349
-3.043239
-1.638368
-1.279103
-4.028818
-5.446973
-3.632395
-1.581158
-4.243131
-2.250136
-2.364213
-1.795952
-2.204238
-1.962955
-3.677737
-3.716568
-2.158956
-3.462482
-3.316539
-2.291204
-3.651840
-1.844587
-5.320123
-2.805821
-3.421312
-4.988312
-2.825755
-2.148283
-2.167157
-0.614842
-5.136635
-1.571005
-2.751707
-0.440470
-2.971500
-0.422715
-3.037872
-1.977595
-2.846829
-2.803739
-3.777322
-3.229369
-6.542107
-1.732248
-2.434338
-0.537463
-0.295515
-2.271339
-2.629145
-0.844825
-4.379022
-4.429604
-2.444882
-2.131335
-0.859132
-4.255101
-4.904334
-1.558723
-1.669242
-1.685745
-3.743919
-1.978968
-1.993863
-3.165675
-4.118341
-3.174761
-3.021625
-1.118289
-3.832731
-1.133482
-4.016815
0.391778
-1.898713
-2.979798
-1.921053
-2.160432
-2.524756
-2.314080
-1.543119
-2.730986
-2.748444
-1.881775
-1.302086
-3.295506
-2.802269
-3.966949
-4.071480
1.227090
-2.492582
-1.440192
-2.276926
-2.375326
-2.520223
-2.886660
-1.628465
-2.734967
-1.987441
-4.142460
-3.982340
-2.575774
-3.272588
-3.158899
-1.944236
-3.056243
-2.647964
-1.718977
-2.570262
-2.082766
-2.766119
-2.045077
-3.601945
-3.280423
-2.681128
-2.807261
-2.034637
-9.273629
-0.625435
-3.723438
-0.061903
-3.422581
-2.128540
-2.549988
0.548684
-2.156965
-3.456537
-0.620473
-2.660040
-2.788705
-1.889886
-5.006644
-3.326649
-1.881396
-4.813979
-2.989714
-2.831046
-1.214547
0.299623
-3.577436
-2.139635
-3.467280
-3.245424
-2.655157
-2.583860
-2.196925
-4.896884
-2.840760
-2.291856
-3.617447
-2.117318
-2.430565
-2.127046
-3.156453
-4.080600
-1.286375
-3.367085
-3.333964
-3.849230
-1.566308
-3.032893
-2.392536
-4.051358
-3.890640
-3.103360
-2.311695
-1.530344
-2.899263
-4.584372
-2.899683
-2.747259
-3.227544
-0.482004
-2.491575
-0.453053
-3.874904
-2.370861
-4.517581
-1.574112
-1.932461
-1.422594
-5.005256
-2.190221
-1.432951
-2.790423
-4.730114
-0.787773
-2.855639
-2.077644
-2.578632
-3.516620
-2.190748
-1.996584
-1.984821
-1.773210
-3.906625
-3.628621
-3.707151
-4.961101
-2.189722
-2.601023
-2.479048
-1.358525
-3.772866
-0.354211
-3.447608
-0.397415
-3.249279
-4.697133
-3.616995
-1.974011
-2.357523
-2.752498
-3.817102
-2.717582
-3.119143
-4.280298
-0.340016
-2.012333
-2.062692
-3.718449
-3.995451
-1.261917
-3.828441
-1.278205
-4.528323
-4.194860
-3.547047
-0.808102
-2.867605
-4.147570
-3.067804
-0.660619
-0.330725
-3.418946
-3.588757
-6.102903
-1.482652
-3.917022
-1.419787
-3.477737
-3.020156
-2.288518
-3.409570
-1.362301
-3.466018
-5.725323
-3.014778
-2.429101
-1.909447
-0.769736
-3.295702
-1.888106
-1.221084
-4.981401
-2.567224
-4.354178
-3.475314
-3.516646
-3.123215
-2.156594
-2.080459
-1.549207
-2.832953
-4.183824
-2.425281
-2.020738
0.298328
-11.929770
-3.783871
-3.445996
-2.105664
0.409497
-4.581264
-3.121518
-3.212347
-2.576359
-2.813977
-3.043315
-2.653353
-5.052289
-5.111978
-3.590053
-1.767378
-1.554346
-1.928396
-0.536177
-4.407142
-2.961812
-4.657897
-1.583111
-1.541095
-0.757284
-2.467855
-3.299621
-2.208569
-2.531803
-2.825644
-3.902663
-0.075608
-4.359811
-1.267008
-5.043732
-4.656674
-1.733635
1.269277
-3.143970
-2.879609
-2.177519
-1.747360
-2.695269
-3.677354
-3.061754
-4.451118
-3.911216
-3.949502
-2.146925
0.403305
-4.176749
-3.846509
-1.781529
1.288592
-2.146264
-2.762361
-2.983711
-2.970005
-3.746983
-3.087597
-1.898657
-2.271794
-7.116832
-0.264996
-2.849277
-1.497011
-2.837520
-3.709414
-2.438627
-1.898435
-1.245293
-0.373993
-0.545983
-2.289239
-4.179021
-3.461647
-1.831657
-1.366941
-3.046088
-3.410482
-3.395769
-2.716324
-2.918080
0.187081
-2.798566
-4.544867
-0.401474
-3.989358
-0.606341
-2.024352
-1.897655
-1.509393
-2.978583
-3.055640
-3.266938
-4.546726
-2.867808
-2.674722
0.263034
-2.458115
-3.086108
-1.619213
-3.088133
-3.841991
-0.880068
-3.201843
-1.419265
-3.048550
-2.994449
-3.404323
-1.014270
-2.082752
-1.652815
-1.518010
-2.752937
-5.088834
-3.702386
-4.592015
-2.904308
-1.686417
-2.310514
-3.417248
-2.502610
-5.391858
-2.227239
-0.730674
-1.952600
-2.105931
-0.840728
-2.330047
-5.175369
-3.049861
-5.517222
-3.120983
-0.003337
-0.585126
-4.416814
-3.189168
-2.098233
-2.622485
-2.746095
-1.275221
-2.792032
-1.500568
-1.127372
-4.127263
-2.103148
-4.049604
-2.522299
-1.943531
-2.520803
-3.124269
-3.549118
-2.183092
-1.152970
-4.380182
0.538508
-4.039878
-0.493675
-3.160639
-4.742463
-3.758232
-3.093556
-4.876068
-1.616866
-4.703039
-4.527641
-2.456742
-0.303214
-6.606572
-4.545333
-3.372364
-2.947690
-2.561302
-1.877218
-0.519263
-4.158631
-2.179841
-3.728447
-4.373642
-1.875468
-2.339592
-3.841899
-4.166733
-2.359335
-3.584291
-2.080476
-1.886855
-2.728897
-2.358092
-4.107418
-2.530223
-1.864279
-2.021778
