8
1 500 1000 200 42 777 13 99
-11.365496
-0.371166
1.018544
-11.938461
-11.567112
-12.005596
-11.379385
-11.660733
-11.861923
-11.821850
-11.405886
-11.851030
-11.586182
-11.469753
-11.638412
-11.954021
-12.018763
-11.939939
-11.456779
-11.737892
-11.859961
-9.937025
-10.711534
-10.699934
-11.180729
-8.719942
-8.822350
-11.590322
-11.822985
-11.936008
-11.788521
-11.464068
-11.881762
-11.584479
-11.466297
-11.671698
2.864523
3.151157
2.237157
2.648568
0.940274
2.459504
4.991259
3.284262
2.709111
1.493952
0.639396
2.327724
2.550802
2.289398
1.591061
0.432064
0.938121
0.499568
-0.383363
-0.398832
0.121552
-1.021111
-0.441366
-1.362088
-1.213593
2.904604
2.837001
1.990619
3.293900
3.055216
1.874157
2.585316
0.265156
0.012363
1.642725
1.400234
2.417442
1.579087
0.376099
1.106995
2.198583
2.006259
0.507809
1.372160
1.308562
1.617653
1.357244
1.242518
0.432844
0.810728
2.283502
3.056860
0.606840
1.130750
0.356416
1.244729
1.284108
0.397071
3.375721
1.982724
3.309196
1.665561
3.395034
2.030929
1.125810
2.806682
2.263112
1.515855
1.912191
3.216540
2.089546
2.182357
1.745862
3.187935
0.709844
3.379730
2.164854
1.980703
2.468412
0.828687
0.524371
1.188385
4.514759
2.913178
0.241055
1.087484
2.717702
1.711248
1.018414
1.770371
3.493309
0.293634
0.322450
2.751757
-2.132569
-1.732801
-2.241102
-2.344727
-3.216493
-2.210731
-1.480662
-1.972313
-2.670171
-1.296516
-3.602953
-2.227476
-3.875111
-3.371893
-1.429360
-2.751338
-2.636506
-1.338372
-3.419188
-2.042672
-1.977450
-2.691166
-2.855770
-1.771856
-2.947587
-0.679346
-2.888905
-4.003540
-2.207187
-2.789631
-11.757851
-11.690269
1.548251
1.223132
0.011305
0.830307
-2.559813
-1.988612
-1.839688
-0.096709
-1.687143
-0.988503
-4.231719
-10.465097
1.945917
-0.654029
1.662265
-0.675699
-3.390448
-3.806552
-11.850953
-11.058738
-8.050810
0.541573
0.326949
-0.318661
-2.286653
-2.560864
-11.713670
-11.842127
-11.748470
-11.544525
-1.701097
-2.200450
1.335353
0.451772
-6.516559
1.895108
1.509753
0.144339
1.775555
-0.801913
1.625162
3.123974
1.090279
-0.391150
-8.460669
1.456709
-0.781773
-11.464210
-11.446907
-11.473987
-9.233742
-11.727287
-11.333574
-11.677771
-11.667423
-11.714617
-11.863153
-12.049706
-11.696507
-11.476241
-11.352541
-11.327776
-8.119303
-7.455763
-7.829748
-8.129688
-8.551678
-7.713309
-6.951950
-7.825090
-2.553115
-0.865929
3.324308
-11.681519
-11.192669
-0.668480
-10.093751
-10.555157
-9.183561
-11.564863
-8.900845
-10.858597
-8.986707
-9.442179
-9.978418
-10.994982
-7.991237
-9.129508
-11.428905
-11.402172
-11.955605
-11.742846
-11.372080
-11.659197
5.100748
-9.260075
-0.766571
-3.150378
-2.906899
-2.104965
-2.873067
-2.854044
-1.867316
-2.524333
-1.205131
-1.829493
-1.570697
-3.727131
-2.502937
-2.589141
-4.727343
-2.228726
-1.932619
-3.212691
-4.862246
-3.201365
-3.154020
-2.483583
-3.230755
-2.963347
-1.991954
-1.725244
-3.749087
-3.276561
-3.513105
-2.099130
-2.679613
-1.775151
-3.525774
-4.078377
0.671023
-0.415731
2.545974
-2.906283
2.056093
2.073156
0.697477
1.108122
0.832744
0.992407
1.040242
-2.184264
-1.341240
-0.809322
2.666882
-2.198537
-1.911130
-0.194868
1.182504
1.810643
1.510697
-3.495817
1.927588
-1.010778
1.830104
1.302037
-0.275234
0.368527
-1.025846
-1.690395
-2.300050
-2.475471
1.888978
0.551570
-0.698360
1.500841
-1.291760
0.613636
-2.689719
-0.170278
-0.247388
-0.260539
2.856428
-0.213209
0.061695
1.896944
-0.318010
0.227163
-1.015529
1.788937
-0.896318
-0.240221
1.163437
1.853166
-0.822763
0.540911
-3.393986
0.347583
-0.175215
1.049684
1.198944
2.106495
0.516812
-6.971761
-0.336181
3.371373
0.326932
-1.547869
0.794046
-0.426477
-0.572553
0.714083
1.663960
-0.736282
-0.117897
0.436589
-1.165833
2.661378
1.780115
-0.716837
0.587148
1.502803
0.560067
0.269337
0.964541
0.064703
0.685391
-1.667391
-3.311311
-0.850202
-0.314122
-1.319691
-3.454709
-0.298889
-2.441558
-1.557359
2.429517
-0.453006
0.987603
-1.089841
-0.640689
0.247663
0.732339
3.120073
-7.307960
-1.311178
0.881138
0.709002
-1.459862
-0.605738
-1.341884
-1.502608
0.911667
-0.234772
1.457493
-1.550952
-2.082489
-1.230085
0.545205
-0.765841
-1.943918
-0.146199
-1.646532
-0.471191
-0.885132
2.129783
2.121191
-0.109092
0.481530
-3.629116
0.755627
-1.169019
0.741345
0.579281
0.597192
-3.359602
-0.040420
1.271839
-3.664693
-1.058647
1.410040
-0.356848
-1.532801
0.094853
-0.861077
-0.532457
-0.761811
0.698196
-0.865323
0.364261
-0.223644
0.565924
-0.966561
-0.241307
0.379271
-0.829022
-0.799727
-0.896428
1.555202
-2.040560
1.224257
-3.056093
-0.484103
-3.039668
-2.082502
-0.024958
-1.367225
1.755291
1.784865
1.205940
0.838724
1.729323
0.567174
-1.146729
0.563750
-0.784860
-0.501254
-3.541549
-1.407719
-2.491265
-0.688015
-2.833861
-1.235004
-1.564032
-0.327376
0.411075
-0.794037
-2.635665
-0.492797
-1.274036
-0.893988
1.000410
-2.211004
-1.490332
-0.088310
-3.456461
-0.859891
-0.581909
-1.901865
-1.541933
0.940485
-0.568806
-1.093207
-0.767337
-0.630190
0.258075
-0.640084
-0.485116
-0.546392
-0.095425
-0.581888
1.956689
0.091486
-0.586046
-1.229179
-0.358423
0.008289
1.905010
-0.565433
-1.405604
0.021511
-1.672434
-1.162508
-0.775853
-2.043141
-0.196888
-2.653077
-1.856930
-2.159066
-2.500023
0.441445
-0.479243
-1.923996
-0.369902
-1.748407
-0.077566
-4.205935
-0.596636
-2.292142
-0.738498
0.807592
-1.133917
-1.499584
-0.546776
1.371974
0.163156
-1.395658
-0.916028
-0.834530
1.612996
-1.729801
-0.878228
-0.800102
-0.023948
-0.104540
-0.672793
2.235391
-0.774434
1.099269
-4.071468
1.556371
-0.045836
1.839738
2.332806
0.597077
-0.476096
-0.261620
-0.322426
0.403322
-2.648733
0.623722
-2.525924
1.057122
0.122788
-2.485522
-2.906825
-2.544111
-0.166378
-1.464441
-1.751529
-1.154112
-0.083677
-2.011979
-2.816957
-1.629809
-0.785950
1.033401
-0.109588
0.428396
0.557481
-0.916626
0.756029
-2.511429
-2.503997
-2.887701
0.659158
-1.350679
-1.140956
-0.131816
-0.475312
0.826553
-1.345443
-0.844324
-0.799448
-1.973687
0.649476
-1.923978
1.540139
-1.412137
-2.896726
-1.990319
0.208526
-1.290982
-1.234794
0.819462
-1.159590
-2.371988
-4.200349
-2.969043
-0.409607
-3.682772
-1.456731
0.531424
-0.708792
-0.208263
-1.380934
-3.616253
-0.319732
-1.803381
0.726531
0.079059
0.559131
-1.855608
-2.638393
0.713416
-1.269233
1.073680
-0.009927
-0.807644
1.063240
-0.747577
-3.105372
-0.174547
-3.118796
0.202563
-0.475180
-2.550080
-0.382789
-0.198776
-1.831600
-1.019592
-1.469481
0.427525
-1.749138
-2.844502
-2.398102
-1.824227
-1.310143
-1.176037
0.019110
-1.684139
0.057509
-2.469094
-1.306362
-0.957981
0.400098
1.706094
0.374511
-2.730792
-0.322477
-5.474872
-0.141405
-0.796502
1.643917
0.265807
-3.618871
-1.764518
-0.935297
-1.084376
-1.504429
-3.403423
-3.790686
-3.270360
-1.366236
-2.302418
0.403554
-1.427703
-3.426298
-1.581442
1.187135
-2.174932
1.105856
2.281866
-2.168359
-2.490633
0.127636
-3.256304
-2.119364
-2.901307
-0.453942
-1.242561
-0.514851
0.294239
-0.160565
-0.547493
-0.784946
-1.120726
-0.105008
1.590940
0.859407
1.029104
-1.701074
-0.254211
-1.264162
-1.885689
-0.853815
-2.952553
-2.585830
-2.354867
-0.120315
-1.817517
0.762116
-2.710152
-3.527378
-2.471146
0.362805
-4.141109
-0.648959
1.486941
-1.963956
0.185880
-1.878220
-0.728802
0.232787
-0.862875
1.102730
-1.147632
-11.764547
-1.520703
-0.798777
0.422954
0.509545
-0.092062
-0.025986
-1.938096
-2.259009
-2.321811
-0.539052
-4.505948
-1.058399
-1.367111
-0.635676
-3.178996
-1.680749
0.257567
-0.923106
-1.212413
0.090422
0.878682
0.010756
-1.387235
-2.460359
-0.140144
-2.413919
-3.449916
-0.838189
-4.279199
0.711338
-0.521932
0.125093
0.322348
-0.465902
-0.362086
0.310210
-0.055250
-3.816466
-0.732586
-0.922138
-2.020993
-0.695508
-0.217897
-1.140801
-1.696936
0.004720
0.758640
2.327344
0.178945
-0.803167
-2.165278
-1.018944
0.048235
-0.026684
-1.401260
-0.280211
-2.427024
-0.606963
-0.642928
-0.085280
0.368479
-1.564434
-1.307201
-0.776196
-0.127337
-0.355988
-2.188437
0.437609
-0.943161
-0.574165
-1.392617
-1.550063
0.099542
-0.794647
-2.107727
-1.454381
-0.733184
-2.291932
-0.767472
-0.838373
-1.602964
-1.849514
-2.482733
-1.714422
-0.856045
0.252225
-1.451818
-1.536275
-2.397259
-0.305485
-1.986218
-5.961373
-0.788000
-1.256229
-3.164419
-2.315703
-1.512790
-1.887773
0.647301
-0.884054
-0.277989
-1.246731
-0.345257
-1.794268
-0.818396
-2.133899
-1.755200
0.646997
-1.641655
-1.028031
-1.925484
-1.780653
0.868237
-1.807990
-2.934001
-3.033262
-0.797197
-0.215190
-1.673716
0.240744
0.428331
-0.108464
1.621014
-1.676031
-0.935100
-1.297265
-0.419451
-1.585579
-1.489138
-1.357330
0.154683
-0.974313
-1.409159
0.762319
-1.495463
0.053573
-3.108063
-0.600428
-0.926495
0.115977
-0.446644
-2.598351
-0.519212
-0.793066
-1.519989
-0.940256
-0.355430
-1.859963
-1.987659
-0.375386
-0.139354
-1.676846
-0.075964
-1.443720
-3.162752
-2.074082
-0.537297
-1.625108
-1.810789
-1.233123
-0.012897
-5.755061
-2.406846
-0.431570
-2.367600
-2.804293
-2.201033
0.233867
-1.006871
0.448998
-0.842815
-0.392753
-2.134640
-2.296856
2.422091
-2.630008
-0.932273
-1.188037
-2.494811
-2.864077
-2.958788
-2.408603
-5.251579
-0.447250
0.606413
-2.453322
-0.563737
-1.500969
-3.103226
-1.573430
-4.899488
0.074665
-2.441924
-2.066554
-0.374873
-0.256335
-1.007568
-0.050366
0.015292
-0.870480
-1.818790
-3.494986
-0.426798
-3.334770
-1.759545
0.993726
-2.281367
-1.598031
0.729983
-0.159584
-0.053992
-1.518500
-1.526450
0.340212
-2.967033
0.488855
-4.048411
-4.213708
-2.482855
-1.593571
-0.580862
-1.026547
-1.322516
-2.105451
-3.044300
-0.165442
-1.426861
0.440931
-1.618593
-1.822702
-0.053998
0.212608
-1.027100
-0.267948
-0.638532
-1.015421
-0.610431
-0.246950
0.946294
-0.614049
-0.278027
-3.039651
-2.047979
0.687931
-1.705963
-1.333819
-0.250005
-1.597306
-1.696374
-0.917993
-4.531781
-1.516619
-0.299103
0.585452
0.492387
-2.151921
-0.916202
-1.790948
-1.636170
1.017773
0.497103
0.176704
0.139562
-1.232069
-1.578791
-1.782282
-0.435471
-2.522720
-3.364554
-1.516505
0.265616
1.645026
-2.659405
-0.984254
0.492359
-1.070149
-3.089514
-1.509210
-0.819306
-3.316587
-2.143080
-2.444913
-1.244459
-0.808903
-0.762555
-1.463902
-1.641191
-2.382264
-0.850322
0.105768
-0.717348
1.194564
-3.197700
-0.044827
-2.868986
0.456749
-0.616100
-1.406836
-2.198335
-3.448418
-1.224509
-0.214862
-2.091250
-2.896553
-0.583242
-1.686535
-3.458085
-0.253860
-3.003997
-0.859196
-4.351922
-0.601247
1.175796
-1.455472
-0.434954
0.399339
-4.225724
-1.973749
-1.822752
-1.890826
-2.733889
-4.643114
-4.319715
-1.311925
0.244965
0.521539
-3.585111
0.845806
0.687996
-0.990129
-2.592649
-1.909172
-0.979142
-11.271816
0.159619
-0.934550
-2.639697
0.059219
-1.776951
-3.006125
-3.391044
-3.375186
-1.100099
-2.791936
-2.853870
-1.491862
-2.155450
-0.349538
-1.659277
-1.571505
-2.759039
-1.152935
0.192678
0.482381
-2.697038
-1.478907
0.063847
-1.548253
1.123917
-1.554091
2.331481
-1.391833
-3.051494
0.341422
0.663962
-1.506438
-1.777113
-1.127464
0.144161
-2.623213
-2.847670
-4.378182
-2.091318
-3.008205
-1.920154
-0.716591
-2.255060
-0.184117
-1.210273
-2.549717
-1.279379
-0.203438
-1.832160
0.238852
-1.321149
-0.988248
-2.076621
2.383659
-3.098485
-1.096032
-2.871688
-1.863458
-1.992948
-2.112947
-0.603034
-0.522853
-1.554203
-2.573898
-0.462411
-0.358724
-1.539737
-2.081819
-2.615433
1.073166
-2.557865
-0.688768
-1.570774
-3.162903
-1.881889
-1.513024
-1.245326
-4.200712
-1.049953
-3.309418
-1.566815
-3.495684
-1.410353
-1.213280
-3.858708
-2.597933
-4.783201
-0.676703
-2.417357
-1.850465
-1.414514
-3.111737
-4.774007
-1.394287
-3.441097
-2.132538
-2.138265
-0.754523
-3.287456
-1.934036
-4.006858
-1.474936
-2.563648
-1.769094
-0.940536
1.753022
-0.512717
-1.622700
-0.857071
0.387219
-2.478057
0.650420
-3.664455
-0.712339
-0.052010
-2.254732
-2.756284
-2.184202
-1.222806
-1.722071
-0.475011
0.086304
-2.319559
-1.360824
-3.075435
-0.969087
-2.053290
-1.138165
-1.522978
2.224986
-0.004862
-1.144019
-0.961838
-1.803024
0.359987
-1.478513
-0.704865
-0.723243
-0.502209
0.312761
0.345158
0.068794
-1.884353
-2.621788
0.679009
-1.398765
-1.027118
-0.954947
-1.580649
-0.601396
0.420607
-2.381616
-3.056160
-3.035194
-0.849317
-1.121993
-1.692856
0.144603
-1.422110
0.398599
-2.112974
-0.718445
-0.008976
-2.286226
2.361982
0.046150
-0.943711
-0.782110
-2.924552
-2.415604
-0.667627
0.359789
-0.373020
-2.128186
0.393649
-3.429036
0.557405
-0.197495
-2.863399
-0.728739
-2.972064
0.374744
-0.956093
-1.986892
-0.375005
-2.337392
-1.561676
-1.003132
-0.923940
-2.602958
-0.801896
-1.199450
-1.727570
-0.401139
-1.522280
-3.523836
-2.506924
-5.335909
-4.779651
-3.394030
-0.351563
-1.246242
-0.043586
-1.479176
-1.359990
-1.404000
-2.541699
0.414775
-1.572880
-2.058952
-3.590059
-0.848356
-1.604789
1.075053
-2.014160
0.393796
-0.449704
-2.537547
-0.613553
-4.121081
-3.058389
-2.927588
-1.753913
-0.935730
-1.422082
0.419304
1.136192
-0.307734
-2.506530
-0.899709
-2.561593
-1.545052
-1.187781
-1.707623
-1.602968
-4.507994
-0.054566
-2.658568
-2.746846
-0.384004
-1.737637
-5.376741
0.049114
1.355516
-2.897128
-2.836160
-0.725208
-1.336264
1.062694
-1.355780
-3.366663
0.276296
-0.505906
-1.257338
-1.077967
-1.445891
-1.325430
-0.222512
-1.557078
-1.640638
-0.197591
-1.974888
0.348807
-1.699187
-0.635894
-1.161104
-1.646014
1.291536
-2.071283
-2.901850
-2.052095
-0.477240
-0.196537
0.165095
-1.703426
-1.971435
-1.261561
-1.572946
-1.570151
0.207328
-1.637515
-2.790629
-1.096893
-2.677707
-3.225691
-0.503779
-0.651318
-1.392575
-2.540312
-1.710545
-1.260744
-3.697228
-1.338527
-2.624387
-1.110515
-0.946643
-2.651461
0.609640
-1.097656
-0.682837
0.167044
-3.793576
-0.557996
-2.359315
-1.920319
-2.873890
-0.160597
-0.485558
-1.201473
-2.060268
-2.073149
-2.730674
-0.726989
-1.956726
-0.828575
-1.840496
-0.889035
-2.993405
-2.551115
-2.245064
-1.211881
-0.976224
-1.212885
-0.887094
0.333418
-1.057855
-0.613421
-2.902483
-3.221843
-6.822668
-3.420759
-0.298428
-0.595767
-2.301733
-2.465659
-2.485047
0.524032
-1.470069
-1.109228
1.790366
-0.788904
-1.081254
-1.339535
-0.696357
-1.889686
-0.941209
-2.144497
-1.830249
-1.750535
-1.909877
-2.352308
-2.983818
-0.582957
-1.410084
-2.372757
-3.006047
-2.195402
-1.076632
0.105462
-0.975515
-0.532006
-2.075161
-1.901941
-1.017620
-1.464443
-0.505043
0.363090
-2.277321
-3.539268
-1.474469
-2.147934
-4.355856
0.946695
-3.385467
-1.835841
-1.961582
-4.172162
-0.917298
-2.116347
1.265304
-3.944020
-1.164121
-1.857419
-0.638184
-1.093873
-2.546096
-0.918951
-0.953657
0.767209
-1.433639
-2.120467
-1.676247
-1.769897
-0.272942
-1.263802
-1.444868
-2.681140
-0.755104
-1.402324
-1.426284
-1.914916
-7.783627
-0.805192
-2.151752
-3.376847
-1.616385
-1.297631
-0.692542
0.770367
-2.128525
-0.444726
-3.843456
-1.400276
-3.732018
-5.007290
-2.780030
-1.017623
-3.101644
-1.206726
-1.298166
-0.282260
-2.870549
0.771861
-1.046016
0.075114
-4.041811
-3.600887
-1.723184
-3.272784
-4.058999
-0.634005
-2.572009
-3.661564
-1.590735
-2.072800
-2.912941
-2.913062
-2.290005
-2.788683
-0.113536
1.140286
-2.009619
0.573132
0.928735
0.158091
-1.380733
-1.841380
-2.544989
-6.123404
-1.223054
-0.372570
-2.579522
-0.385265
-2.355825
-1.489512
-1.290841
-1.961064
-2.859043
-0.752680
-0.340678
-1.623937
-3.248504
-1.581856
-3.136693
-0.980391
-2.362478
-2.431183
-3.286437
-2.335404
-0.921777
-1.465078
-1.605380
-0.919209
1.137864
-0.364899
-3.932202
-2.056313
-0.339330
-6.507139
-1.421679
-0.853340
-2.717733
-3.168560
-0.986227
-2.110587
-1.356564
-1.511524
-2.960800
-0.950779
-1.715128
-2.531268
-1.072362
-1.534526
-1.036791
-0.463217
-0.038356
-2.117440
-4.050684
-1.723177
-1.470065
0.152029
-1.439099
-0.731214
-3.515733
-1.602085
-2.029471
-1.048600
-2.640054
-1.778792
-1.229163
1.136898
0.577930
-1.718828
-2.829627
-0.525468
0.416297
1.208441
-2.089911
-0.675190
-2.759437
-0.230462
-4.298822
0.381841
-2.412671
-0.646243
-2.748246
-2.968206
-2.025132
-2.265029
-1.999694
-3.410616
1.816010
-1.634363
0.088134
-1.130118
-1.099162
-0.731029
0.222854
-0.030283
-0.743223
-1.250594
-3.112499
-3.740305
-2.757645
-3.763755
-1.818198
-3.045140
-2.849633
-2.498016
-1.212533
-2.010438
0.469028
-0.649523
-1.664949
-0.482452
-2.165500
-1.885229
-2.647329
-1.943477
-2.682040
-1.816787
-3.099221
-0.352072
0.326157
0.287332
-3.000204
-1.039419
-1.113773
-1.914771
0.755538
-0.723716
-2.007307
-2.018561
-2.985646
-1.465175
-1.748108
-2.835449
-2.372127
1.382445
1.094692
-2.813135
-0.442299
-3.263089
-1.812859
0.053609
-2.651764
-2.047998
-0.965326
-6.959635
-1.536246
-1.873551
-0.943604
-0.992057
-2.138332
-0.591034
-3.951427
-1.175076
-1.206012
-2.025632
-1.363864
-10.820717
-1.076732
-1.815103
-1.694175
-1.378828
0.210765
-8.491980
0.387461
-1.667696
0.003913
-0.409236
-2.300801
-1.518970
-0.997858
-3.452900
-1.602822
-2.208071
-1.239704
-0.317002
-1.557142
-0.908922
-0.474488
-0.491089
-2.654545
-1.155849
-2.322816
-1.754719
-2.906001
-0.059771
-0.862180
-0.275276
-0.557318
-3.594640
-1.645023
-1.994508
-2.617357
-1.088642
-4.729478
-1.064273
-1.124050
-5.362633
-1.692818
-2.316712
-1.423049
-1.689659
0.062925
-2.294552
-0.469483
0.009744
-0.844373
-0.161774
-0.710905
-2.514092
-2.304756
-1.411188
-1.550585
-1.106948
1.850310
-1.466420
-0.245152
-0.970159
-0.548422
-1.115253
-2.259110
-0.674686
-2.115514
-3.576928
-3.945402
-3.686152
-0.881106
-0.957978
-3.972795
-3.134432
-2.666699
1.840968
-1.304430
-1.414717
-0.525386
-0.413852
-2.506736
-0.232971
-0.117343
-1.195059
0.112192
2.024894
-3.183371
-1.937430
0.426965
-3.862665
-1.618931
-1.293111
-0.118681
-1.694164
-1.867525
-1.177540
-1.121194
-2.912329
-2.293752
-0.331709
-0.037394
-0.253608
-2.296607
-4.168336
-2.499206
-1.653223
-1.152175
-0.474141
-2.602540
-1.126428
-3.794279
-1.013860
-2.561482
0.211916
-2.985885
-3.690334
-1.814960
-1.178662
-1.742118
-2.862731
0.917035
-1.363784
-1.713502
1.103246
-2.576897
-1.934078
0.689863
-1.824617
0.817266
-2.684071
-0.868059
-2.101656
-2.561186
-1.650849
-0.589839
-1.015499
-3.367947
0.669267
-0.782688
-1.226100
-3.325995
-1.796135
-2.625022
-3.000187
-1.605195
-1.478572
-1.882875
-3.096356
-1.519800
0.769751
-1.026230
0.569654
-2.079409
0.348900
0.962044
-1.552711
-2.889217
-1.912246
-1.495970
-0.772906
-4.406288
-1.807084
1.943797
-1.343479
-3.921255
-1.606079
-0.744355
-3.682288
-0.746748
-0.541353
-0.476146
-3.307944
0.501495
-3.044832
0.351281
-2.319327
-2.534427
-1.815435
-0.269548
-1.575281
-0.383862
-1.606641
-0.993867
-4.034575
-2.358254
-0.983306
-1.013125
-3.688527
-0.704087
-2.154711
-1.290837
-4.010397
-0.822068
0.267222
-2.228386
-1.605692
-9.181310
-3.248338
-1.676183
-1.392491
-0.464245
-1.181234
-0.290961
-5.091753
-2.231724
-2.046517
-1.594106
-1.898282
0.702043
-1.310306
-1.037133
-3.630774
-1.779562
-2.048518
-2.003407
-4.295377
-4.062140
-0.811626
-2.111395
-1.379916
-2.031482
-0.029445
-3.573117
-3.295814
1.072913
-1.337172
-3.276287
-0.895654
-2.359263
-0.221820
-3.219748
-1.252136
-2.039481
-0.243564
-1.178615
-4.094722
-3.673123
-1.264521
-0.679097
-2.348996
-4.368521
-2.033279
-0.799626
0.340523
-2.956084
-2.304263
-1.946644
-3.098927
-1.451230
-1.911648
-0.154119
-1.723124
-3.211200
-0.587262
-2.325901
-2.880547
-1.367679
-3.111297
0.355454
-4.213157
-2.152923
-2.815054
0.101450
-1.346578
-2.279465
-1.772314
-2.453938
-0.236169
3.272491
-1.441931
-3.787262
-3.592689
1.587125
-2.263776
-1.654405
-1.102041
-1.908024
-1.315808
-1.445019
-2.146650
-1.130830
-1.644880
-2.977563
-1.010099
-0.806521
-2.102830
-1.971521
-1.917295
-1.664998
-1.542175
-2.861988
0.953547
-1.223642
0.032946
-2.743237
-0.396383
-1.717756
-0.729891
-2.328199
-0.278861
-1.583988
-0.809334
-0.818217
-1.886583
-1.489904
-0.216039
-1.708678
-2.073942
-1.762857
-1.646679
-0.612809
-2.830642
-2.591430
-2.492873
-1.833296
0.052003
-0.664027
-2.241017
-1.047380
-1.805405
-1.607972
-1.764530
-0.592590
-3.318011
-0.333448
-3.217479
0.143631
-2.945499
-2.638707
-1.713012
-0.946764
0.075906
-3.580461
-1.030065
-2.638389
-3.770747
-2.711451
-3.569088
-1.320699
-1.648945
-2.004399
-0.017548
-1.130700
-2.030260
-2.389067
-0.632377
-3.439481
-2.863625
-3.041725
-3.669891
-0.733242
-2.487745
-0.925516
-1.063713
-1.375224
-3.374913
-2.853040
-1.628613
-1.529836
-3.609913
-1.382093
-1.291913
-2.278329
-3.822210
-0.975528
-2.115504
-1.566961
-3.085165
-2.403821
-2.560488
-0.585513
-3.107923
-2.184657
-3.691051
2.451245
-0.472704
0.047976
-4.508980
-2.480698
-1.388141
0.304146
-0.683928
-2.625097
-2.125871
-3.199761
-3.718182
-3.800297
-1.934937
-2.348084
-1.215546
-3.722869
1.132810
-4.351901
-1.792437
-1.977221
-1.285448
-1.030647
-2.026192
-2.098717
-3.204618
-2.193691
-0.624528
-2.634403
-3.344289
-1.416230
-0.798657
-1.685504
-1.158475
-1.138120
-3.493456
-6.401442
-2.200792
2.591200
-0.718328
-2.469146
-2.961696
-0.417759
-0.323857
-1.718355
-0.653389
-1.078023
-1.685174
-2.949694
-1.270861
-1.685920
-0.264630
-2.579829
-1.162488
-4.500432
0.206053
-1.041912
-1.358803
0.878890
-1.129286
-0.393884
-1.638949
-3.031106
-3.073090
-2.784112
-1.813098
-1.797582
-1.908166
-2.781079
-3.032109
-2.998534
-1.203799
-1.845792
-2.414080
-1.536052
-0.455049
-2.405406
-1.858753
-2.902525
-1.904090
-0.634037
-1.907566
-3.023307
-1.898735
-1.745113
-2.221413
-2.932636
-11.759226
-0.346459
-0.391506
-3.332126
2.322842
-3.423890
-3.019618
-0.082809
-2.371453
-3.261236
-1.212268
-7.403473
0.744172
-0.041852
-2.841057
-0.011276
-1.328598
-0.855445
-2.175512
-4.232694
-2.092046
-2.693117
-2.138947
-1.344002
-1.037577
-1.820553
-0.027569
-3.430210
-0.987932
-5.569423
-1.393131
-2.277052
-4.949853
-1.165898
-1.443401
-5.733616
-2.900282
-2.498626
-1.526601
-3.996831
-2.816859
0.062510
-3.234388
-1.744107
-2.186198
-2.348767
-2.215915
-2.704310
-1.888003
-3.064855
-3.614518
0.444964
-3.238390
-0.346117
-1.450019
0.757910
-0.929487
-2.534281
-2.038956
-1.731728
-1.071329
-1.491019
-5.851028
-2.917020
-2.257951
-1.602063
-1.267482
-2.825620
-3.177613
-1.684450
-3.253424
-2.100230
-2.030640
-2.550853
-2.055130
-3.670438
-0.810395
-3.186133
-3.092905
-2.393702
-1.078039
2.460467
-4.555143
-1.790195
-1.625320
-0.953551
-1.564248
-3.312684
0.112982
-3.562376
-2.609218
-1.971020
-3.219747
-1.471505
-3.103306
-2.756920
-0.613145
-0.112776
-0.899536
-3.160246
-0.086325
-2.256435
-2.567178
-0.993161
0.253284
-0.299865
-2.598052
-1.978134
-2.481328
-3.174690
-2.286710
-1.231915
-0.638387
-1.412606
-0.824474
-1.963584
-3.324491
-3.275373
-1.129732
-0.790664
-0.872440
0.080139
-4.102169
-3.535707
-3.027187
-1.771432
-0.494891
-1.189978
-0.367739
-3.438185
0.495674
-3.225388
-2.673521
-3.965909
-0.993923
-0.846400
-1.119539
-3.173804
-2.799257
0.832353
-1.641414
-0.974711
-2.788931
-0.415629
0.212457
-3.929494
-2.281385
-1.766504
-4.627653
-1.603400
-1.771931
-1.752162
-3.807717
-2.563632
-2.116407
0.385518
-2.072145
-2.577554
-1.012068
-1.821486
-4.621827
-2.358473
-2.143684
-0.101904
0.905919
-2.849803
-1.460244
-1.993943
-5.355998
-0.380047
0.866186
-3.242386
-1.495794
-2.726398
-2.144952
-0.085113
-2.988077
-3.147532
-2.060033
-2.155954
-2.127665
-2.720147
-2.164559
-2.857136
-2.499004
-0.976475
0.045275
-3.745790
-4.615274
-2.032605
-0.699045
-5.598541
-1.368686
-3.920712
-2.845227
-2.493340
-2.728328
-0.053120
-0.415876
-3.389092
-1.369940
-1.698605
-0.378063
-1.302290
-0.845410
0.636621
-1.018979
-1.603105
-2.021004
-2.817463
-1.297760
-0.369009
-3.481831
-1.499495
-2.557455
-3.497360
-3.466267
-1.950519
-2.269341
-3.186216
-3.803142
-2.470442
-2.464989
-0.382435
-1.536377
-2.359825
-0.952619
-0.707913
-1.766870
-0.596961
-3.522123
-2.187944
-0.365331
-3.205418
-2.921499
-1.796650
-2.074454
-1.275270
-1.576538
-2.225480
-3.437250
-1.734921
0.018018
-0.859376
-2.925941
-0.610057
-0.974011
-0.178291
-2.080705
1.323053
-0.666104
-2.099368
-1.704319
-0.513383
-2.632422
-1.882707
-4.355088
-2.985482
-0.154739
-2.032376
-2.405430
-2.231109
-0.867373
-3.680071
-0.917982
0.123262
0.027267
0.254103
-2.351146
-1.799495
-2.563663
-1.515254
-2.167788
-1.841783
0.031557
-4.159524
-1.402308
0.157669
-2.156258
-2.159535
-1.644363
-1.463602
-3.569751
-1.914205
-0.552354
-2.646314
-0.571435
-3.489735
-2.506296
-1.800761
-3.655263
-2.637708
-4.786869
-0.226272
-2.381839
-5.297959
0.465698
-1.418411
-1.224518
-3.284116
-2.309608
-1.736761
-6.407633
-4.191641
-1.002205
0.291142
-2.643101
-0.280043
-0.780212
-3.997621
-2.341883
-0.470730
-0.883077
-3.743207
-0.334964
-0.883823
-2.615923
-0.924276
-3.023853
2.103642
-2.535798
-2.926795
-5.514135
-4.326847
-1.353738
-0.449111
-1.756687
-2.937461
-3.363985
-1.836852
0.143018
-2.240831
-2.058975
-3.563344
-0.060592
-1.217517
-2.365400
1.114884
-0.546591
1.243250
-1.266156
-2.874840
-1.194701
-3.195661
-4.741761
-2.654970
-1.901802
-1.741345
-1.802196
-4.225253
-2.596843
-2.780801
-0.440282
-1.236800
-1.793566
-2.341734
-2.687148
-0.570071
-2.070076
-1.818659
-2.339062
-1.729936
-0.772553
-0.074217
-3.763438
-2.072857
-2.015904
-2.593761
-2.255257
-2.505567
-0.044685
-3.449668
-3.988686
-0.660425
-3.484802
-3.865803
-1.712529
-2.518410
-1.857418
-2.328622
0.110596
-1.277617
0.052966
-1.553514
-0.988740
-4.551597
-4.132386
-1.938779
-2.465781
-2.406410
-3.435238
-1.566696
-2.506789
-3.414931
-2.813278
-2.998877
-3.522415
-0.187485
-2.927515
-1.755811
-2.700249
-2.562891
-1.226779
-3.488055
-3.060236
-1.464682
-0.205355
-2.920907
-1.330927
-0.095636
-0.930755
-3.440591
-1.529365
-3.047083
-2.171261
-1.552769
-10.711203
-0.873886
-5.221438
-1.530227
-2.542929
-4.347176
-1.680884
-2.728912
-2.867999
-0.176985
-2.407052
-0.980798
-2.900531
-0.654417
-0.989112
-3.449152
-0.948311
-3.226202
-0.631500
-3.621523
-0.342910
-0.643125
-1.485193
-3.397424
-2.425906
0.591566
-3.445747
1.008111
-1.455264
-1.717499
-1.533270
-3.030700
-2.482555
-4.320995
-1.945883
-3.196014
-4.632269
-3.299437
-1.216513
-2.073139
-3.521016
-1.026684
-0.675202
-0.994144
-3.528505
-0.945836
-2.752077
-1.702274
-2.484076
-2.515577
-2.544747
-3.379815
-3.705744
-4.394643
-3.836132
-5.023763
-2.524851
-1.113327
-1.946226
-1.689939
-1.659070
-1.667720
-3.060143
-2.577322
-1.567209
-2.920676
-0.290496
-2.227479
-0.940908
-1.031610
-2.194715
-2.449379
-3.303346
-1.998506
-3.024425
0.790464
-4.075890
-2.179670
-2.986775
-1.664810
-2.129522
-2.457977
-4.650870
-2.146429
-3.786178
-0.291979
-1.941428
-1.789015
-2.948355
-0.105010
-1.447810
-3.121735
-0.847408
-2.979280
-3.432843
-3.357175
-4.751221
-2.767401
-4.779944
0.987415
-1.673103
-3.689582
-2.493287
-3.841653
-2.112167
-3.417395
-2.121755
-2.514480
-1.765952
-2.763203
-4.432273
-3.168769
-3.129866
0.043167
0.571321
-0.406476
-4.099157
-2.758425
-0.808097
-2.769649
-0.694148
0.764306
-0.693439
-2.594225
-2.028197
-1.487557
-1.929420
-2.586573
-3.451446
-1.575251
-3.908278
-0.958900
-3.009949
-1.041496
-0.289507
-2.124732
-1.821768
-3.101329
-3.173120
-4.603423
-2.738788
-1.429689
-1.404153
-3.635842
-2.412618
-4.619916
-2.614882
-2.077076
-2.269120
-0.844019
-1.920062
-1.763134
-3.381136
-2.093551
-2.084693
-0.466689
-1.620390
-2.565100
-2.515824
-0.865345
-1.688919
-2.262109
0.607177
-3.438718
-1.116892
-0.360386
-1.507445
-1.581597
0.739522
-1.525053
-1.761459
-1.086303
-4.445039
-1.830583
-2.359166
-2.326085
-5.153451
-1.428779
-2.707042
-0.265062
-0.906155
-4.370902
-2.711576
-1.694179
-6.723177
-0.998531
-0.573068
-4.399307
0.339710
-3.042217
-2.879463
-1.119542
-1.315122
-3.296495
-1.500204
-1.223927
-3.114608
-2.956484
-5.289893
-1.647067
-3.357577
-1.852920
-1.678843
-3.677828
-2.383174
-1.576589
-2.515471
-1.628435
0.048792
-1.771847
-2.465462
-2.603988
-2.049470
-4.821701
-2.412850
-11.775311
-3.622881
-5.228032
-4.338679
-2.107334
-1.088486
-1.002789
-5.566812
-1.179873
-2.096104
-3.021286
-3.161004
-4.298128
-2.380005
-0.959616
-5.871486
-2.534379
-2.107579
-3.778401
-3.278488
0.793741
-0.755091
-2.563486
-3.408241
-4.972980
-2.260638
-2.849760
-0.293872
-3.435485
-2.480966
-3.156355
-3.003288
-1.765657
-6.410301
-1.677526
-4.333650
-2.001252
-0.908406
-0.189678
-3.572033
-1.129018
-1.043777
-2.525102
-1.783686
-2.099660
-0.830538
-2.847177
-0.621212
-3.586377
-0.967960
-2.662030
-3.523361
-1.632639
-2.822393
-2.434683
-2.159854
-2.232386
0.009037
-3.431052
-1.254853
-1.451361
-0.613816
-4.233006
-3.588318
-2.237525
-3.349842
0.120819
-3.635127
0.260125
-1.927751
-3.091775
-3.389327
-0.855097
-3.393943
-1.337092
-2.051121
-1.696083
-3.987787
-3.530782
0.227591
-0.756255
-0.430452
-1.020629
-3.747756
-1.068539
-3.400604
-2.212578
-3.672356
-1.547307
-1.990846
-4.082934
-2.399162
-3.386311
-1.807839
-3.799399
-3.102175
0.769125
-3.000048
-2.732107
-1.638414
-2.624734
-4.599866
-2.593966
-1.262309
-1.484839
-3.489132
-1.607591
-1.853981
-1.613198
0.499619
-0.290707
-3.481011
-4.103763
-1.445939
-1.621888
-2.281558
-2.554784
-2.268670
-3.086381
-3.252269
0.500111
-2.531577
-0.956533
-0.962194
-1.392436
-0.611127
-2.926145
-0.628467
-2.188558
-0.993833
-4.182890
-1.701351
-0.884005
-5.134114
-3.064848
-2.634130
-1.136277
-0.793518
-2.679714
-0.012537
-0.977981
-3.156343
-0.995393
-3.968383
-2.141200
-1.861265
-2.996638
-2.746872
-1.104154
-0.126001
-5.835135
-3.323726
-2.210047
-2.649319
-0.612585
-1.068939
-2.368097
-2.375469
-11.088675
-2.101835
-1.576615
-1.244233
-2.481114
-0.406122
-1.730095
-2.406993
-1.664915
-1.367844
-1.595821
-2.432240
-3.785521
-1.595042
-2.173367
-1.758752
-1.383123
-2.475552
-1.968657
-2.772718
1.023390
-2.296452
-3.308298
-2.523373
-2.354028
-2.297155
-2.534791
-0.893278
-4.567681
-2.309950
-2.532188
-2.390426
-1.167700
2.814178
-3.416337
-2.224522
-2.956140
-1.485235
-4.850708
-1.006021
-2.428320
-1.984609
-1.975039
0.691754
-3.547184
-2.650481
-2.406883
-2.527945
-2.023032
-1.858021
-2.013282
-2.992745
-2.923038
-3.557743
0.871486
-3.287802
-2.518849
-1.251193
-3.645717
-0.338649
-0.252739
-1.944352
-1.373342
-3.240084
-3.113088
-2.291842
-2.518436
-2.039960
-4.184912
-5.251270
-2.244332
-0.524936
-3.914124
-3.420220
-1.287885
-1.632560
-1.910107
-1.061587
-1.979541
-2.522725
-2.732749
-3.510033
-0.899914
-4.553456
0.064469
-3.892089
-2.456495
-2.781753
-3.842323
-5.076475
-3.487282
-3.520766
-3.148480
0.449644
0.036263
-1.823148
-3.600612
-2.429313
-1.812355
-4.359532
3.001546
-2.670890
-1.975088
-1.961206
-1.637666
-3.130750
-1.567809
-1.054889
-1.813294
-2.625144
-1.713963
-2.544693
-1.143466
-2.602234
-4.082154
-0.513880
-3.415156
-3.043194
-1.985532
-2.603235
-1.507312
-1.614468
-1.622120
-3.554921
-3.367519
-2.536675
-2.425731
-1.058220
-3.087258
-1.824006
-2.015671
-1.504817
-0.352820
-2.988677
-2.834259
-3.032646
-0.155863
-2.447672
-2.691014
-2.884453
-2.369113
-2.736124
-2.394066
-3.103015
-2.594271
-2.315884
-1.036941
-0.666144
-2.152350
-5.900942
-5.290258
-3.634326
-2.511862
-2.489205
-2.831749
-1.499624
-2.601616
-1.204097
-1.247874
-1.414084
-1.345620
-2.374652
-2.463786
2.667839
-2.484540
-2.519815
-4.250024
-1.385139
-4.513795
1.804240
-3.198949
2.109532
-2.539474
0.316865
-1.728791
-2.083343
-0.647305
-1.682577
1.160881
-1.270191
-0.317811
-1.897346
-2.941813
-2.837795
-1.417462
-1.314185
-2.264114
-4.938822
-3.755378
-2.181976
-0.965651
-0.585947
-1.241927
-1.571121
-3.196448
0.122994
-1.629812
-3.181952
-3.041280
-1.836564
-2.441495
-3.710368
-3.817755
-1.731750
-1.159290
-4.665230
-2.032642
-1.527085
-0.250262
-1.378279
-1.101059
-2.293818
-2.105865
-3.267446
-3.529291
-1.852040
-2.209775
-1.486661
-2.733928
-2.720911
-2.676231
-2.042207
-1.846365
-1.841960
-2.661137
-0.891799
-3.091240
-1.158000
-4.598774
-1.885354
-4.479099
-3.013831
-2.557418
-0.277807
-1.588818
-2.748384
-1.167067
-2.533917
-2.004305
-2.223020
-2.791277
-4.156178
-1.995576
-3.992447
-4.441031
-1.604268
-0.404695
-4.318998
-2.218936
-3.823723
-4.352020
-3.780304
-3.083748
0.015282
-2.796669
-3.702402
-5.216086
-3.553562
-1.690230
-0.895587
-2.017306
-2.821768
-2.704001
-3.007850
-0.396325
-3.817608
-3.372360
-1.971627
-2.561174
-3.019337
0.038630
-0.448235
-2.779106
-2.251145
-3.535276
-2.665748
-1.832631
-4.473741
-2.411375
-1.728288
-3.203347
-3.101860
-0.793554
-1.178199
-2.568849
-1.832982
-3.016516
-2.933724
-5.228071
-1.335205
-2.622680
-3.392981
0.203165
-2.079460
-3.989992
-2.553391
-3.217802
-2.641002
-0.454749
-2.509184
1.420738
-4.955929
3.040073
-3.778134
0.020508
-2.442498
-0.983172
-1.680463
-2.382620
-2.358504
-1.149165
-3.227032
-0.522129
-3.513325
-1.116080
-3.809665
-3.007587
-3.925235
-2.012278
-3.017155
-4.620969
-2.908821
-2.626373
-1.173301
-0.966074
-1.793521
-2.097255
-3.579686
-1.938138
-2.587075
0.034954
-1.768358
-2.173889
-2.335803
-4.002503
-3.195616
-2.362146
-3.940274
-2.856542
-1.919067
-4.742972
-3.861908
-3.020489
-2.437870
-2.604694
-0.057981
-1.358266
-1.496932
-5.697243
-2.668114
0.361371
-1.788691
-1.872830
-2.368933
-2.052525
-1.789312
-1.295783
-1.977070
-4.300969
-2.567262
-2.051192
-2.481331
-3.381122
-1.900191
-3.649790
-5.008450
-4.418537
-2.793377
-0.818522
-4.018839
-3.230448
-1.781261
-6.730302
-3.189028
2.189218
-1.272085
-2.342769
-1.312407
-2.427083
-1.623337
-1.465924
-0.325381
-4.230259
-1.847557
-2.244470
-4.764097
-0.554750
-2.068728
-3.836921
-3.560614
-1.262089
-4.738219
-2.034330
-2.835751
-2.149243
-1.696742
1.421149
-1.887667
-1.991327
-3.908390
-1.762874
-0.908104
-2.418848
-2.382228
-3.565673
-1.182424
-2.208505
-2.591346
-2.610091
-2.051383
-3.274712
-1.938638
-2.896656
-3.545118
-1.810779
-0.837746
-2.089135
-3.394991
-2.200625
-2.679438
-3.735586
-3.962572
-3.011386
0.292062
-1.937122
-3.981990
-1.742385
-1.986464
-1.616145
-2.737301
-2.488757
-4.415017
-1.922873
-4.370404
-1.817369
-3.009460
-3.154912
-1.676550
-1.939597
-1.142103
-1.370188
-2.167507
-3.465731
-1.944121
-2.011174
-3.434796
-3.301139
-2.839388
-1.067490
-2.768090
-1.590637
-3.084883
-3.606424
-1.701094
-2.413591
-2.019040
-2.144545
-1.451730
-2.664573
-4.347723
-1.117124
-2.616064
-2.462765
-1.258458
-2.385361
-2.086826
-2.137069
-2.510157
-2.705209
-1.071553
-2.220274
-6.151458
-1.461960
-2.423384
-4.733921
-3.243542
-0.851532
-3.730126
-3.102784
-3.384758
-2.213626
-1.474761
-3.148648
-1.356306
-2.020239
-1.451495
-1.447856
-1.414518
-1.917772
-0.210974
-3.455861
-0.725962
-1.539839
-2.795852
-1.193089
-2.715768
-3.189730
-3.722621
-2.601772
-2.267018
-1.303100
-2.264892
-3.326518
-2.143268
-2.792482
-1.772112
-3.091799
-0.864226
-1.581396
-3.368410
-4.583741
-2.035861
-2.310239
-4.609233
-1.089885
-0.586577
-2.169835
-1.578651
-2.151094
-2.490739
-3.153765
-1.392627
-3.637844
-2.342309
0.096975
-1.922530
0.772252
-2.155212
-1.418114
-1.911285
-1.219279
-3.801090
-2.829352
-2.533082
-1.461097
-3.262953
-2.879776
-2.505166
-0.806862
-4.781689
-1.335623
-3.331378
-2.037985
0.167637
-2.864297
0.464814
-3.115475
-3.122815
-2.982223
-6.524496
-1.733173
-4.853968
-2.246792
-4.473019
-2.158720
-3.292089
-2.364274
-0.169787
-2.577454
-4.554583
-0.319283
-3.445516
-2.771636
-2.181117
-5.573824
-0.455924
-3.919706
-2.326427
-4.968357
-0.975757
-1.479193
0.991868
-0.730166
-2.992472
-1.330700
-2.308667
-0.752686
-3.322495
-1.118669
-3.301583
-0.278463
-0.464508
-3.243928
-2.209345
-2.092693
-4.173958
-0.557619
-2.285384
-2.153378
-2.095903
-2.328605
-4.514635
-1.014491
-2.124116
-1.202832
-3.658067
-2.576239
-1.296556
-2.055492
-1.430425
-4.421474
-3.064763
-3.228241
-3.730600
-2.793830
-2.096412
-2.191825
0.097637
-5.641685
-2.866170
-3.389660
-4.602025
-1.510228
-1.038477
-4.825324
-1.822482
-1.996518
-1.427252
-3.117079
-2.193387
-0.846042
-0.792140
-3.612268
-0.032394
-3.824611
-2.099244
-3.437058
-3.024180
-3.887492
-2.411230
-1.425347
-2.321217
-1.672462
-2.848666
-2.566361
-1.447258
-1.226547
-2.921679
-3.549280
-2.236484
-3.329911
-6.186852
-1.630330
-1.745325
-1.438626
-3.411232
-1.999139
-5.114221
-2.850573
-2.668876
-1.328667
-3.551461
-3.213711
-1.268707
-0.864997
-2.427247
0.192901
-1.594522
-4.982322
-2.409846
-3.960521
-2.081412
-3.122256
-0.571449
-1.142827
-1.469987
-1.060809
-1.789801
0.476471
-0.863393
-0.581352
-2.569275
-5.431627
-3.064318
-3.050463
-3.079204
-2.211325
-2.562339
-3.398090
1.207192
0.093359
-2.105900
-5.248159
-4.118484
-0.526647
-2.591682
-4.657298
-1.657301
-0.963377
-1.296059
-3.666360
-2.681170
-2.277968
-0.643634
-3.190351
-2.924683
-0.063918
-2.910109
-3.012764
-1.307159
-0.486352
-3.488543
-2.375325
-2.038177
-1.871907
-2.159954
-2.607367
-1.763024
-1.188239
-2.695772
-3.070388
-3.067253
-3.414821
-0.685630
-1.564584
-2.935246
-2.118412
-4.146173
-1.697979
-2.580250
-2.492444
-2.354064
-2.252763
-2.253560
-2.177287
-1.472157
-3.405746
-1.661352
-3.422348
-3.045252
-3.091987
-2.168052
-4.035558
-2.094006
-1.615478
-1.016590
-3.818692
-1.871268
-4.405070
-4.355819
-3.238208
-2.380523
-0.995099
-2.241867
-5.346140
-1.778968
-3.318507
-2.873109
-3.962417
-2.681201
-3.214171
-2.556370
-2.365274
-3.943816
-2.461813
-4.203762
-1.370677
-3.213127
-3.437396
-1.086632
-1.369613
-2.991225
-2.527158
-1.888247
-1.323256
-2.504993
-2.553925
-3.376976
-0.613522
-1.247613
-3.016820
-3.863085
-1.555618
-1.284323
-1.287892
-2.533253
0.085516
-3.226130
-3.839078
-3.491557
-0.380378
-1.661671
-2.111088
-2.761428
-1.788194
-3.070540
-1.692542
-2.156836
-0.542815
-2.241462
-3.541104
-1.718189
-4.434398
-0.233654
-0.515418
-1.753934
-2.878503
-2.160166
-2.916145
-1.049875
-0.388787
-2.168620
-3.865097
-3.329436
-2.372540
-1.581773
-0.249158
-3.473796
-3.397093
-3.422460
-1.187137
-1.917495
-0.635358
-1.662950
-3.075080
-3.459414
-0.606135
-0.918329
-1.259813
-0.282009
-0.687546
-2.385435
-1.970121
-3.649079
0.353605
-1.804050
-2.723968
-11.286182
-3.365792
-2.708698
-1.312952
-1.188268
-0.174755
-2.419539
-4.167536
-2.913125
-2.688702
-4.555740
-1.089140
-1.922039
-2.138908
-3.608387
-2.037306
-3.010734
-1.457799
-1.673247
-3.788413
-3.112812
-1.190933
-2.624439
-1.461561
-1.670360
-0.180147
-1.315904
-3.718388
-1.856237
-3.888007
-3.766557
-1.453413
-3.933287
-1.330035
-1.593621
-2.895749
-0.295797
-2.594421
-2.848104
-2.080127
-3.677967
-2.499290
-0.609916
-0.181764
-2.490150
-2.208054
-2.540700
-3.935309
-1.125329
-3.146204
-0.647633
-2.908344
-2.279661
-1.708304
-5.394755
-2.634889
-0.215351
-3.803986
-2.602466
-2.923152
-2.205033
-2.712070
-3.331252
-3.771961
-2.163294
-0.412070
-2.730921
-0.669415
-2.675274
0.855260
-1.442412
-1.525979
-2.721774
-3.798453
-2.862726
-1.985875
-2.791467
-4.007237
-3.187142
-1.105884
-1.789469
-4.376905
-2.880674
-2.377468
-0.840245
-2.282088
-4.277103
-1.636713
-3.020670
-3.283153
-2.702236
-0.375119
-2.474751
-4.427300
-4.468454
-3.933229
-1.075033
-0.131258
-0.469540
-2.471381
1.540148
-7.848920
-3.134522
-3.533983
-1.563664
-1.867994
-3.869953
-5.141545
-4.049428
-2.863627
-3.095881
-2.228729
-3.309498
-1.800772
-0.958190
-1.807732
-1.105215
-0.399383
-2.378570
-0.772911
-2.315067
-1.314744
-0.696577
-3.195736
-6.127611
-7.170009
-3.818012
-3.585843
-2.853090
-2.030117
-3.519592
-4.582937
-2.477832
-2.797638
-2.062463
-2.854692
-1.470879
-2.620272
-2.336814
-0.948233
-1.530953
-1.868842
-1.315201
-3.040544
-4.303118
-2.154699
-3.850183
-1.564320
-1.469024
-1.342528
-0.169494
-1.625832
-2.341333
-2.599321
-5.219401
-0.265755
-2.973818
-2.370863
-1.905800
-5.309160
-1.843936
-1.108003
-1.261596
-2.184066
-0.400015
-2.249149
-2.396796
-4.374684
-4.314482
-1.497063
-1.623528
0.199270
-4.771424
-2.661442
-4.074037
2.020206
-1.504976
-2.718286
-2.130001
-1.850087
-3.582854
-4.871387
-2.664670
-3.088552
-6.027260
-0.409046
-6.059938
-3.563201
-2.719027
-4.135320
-1.320222
-2.039911
-1.673866
-1.290466
-1.261589
-3.100048
-0.823914
-3.863870
-3.586994
-1.621525
0.143113
-4.015198
-2.656165
0.571724
-2.913907
0.009126
-1.391191
-1.449601
-2.210879
-2.317227
-2.260321
-1.824643
-1.570825
-4.738711
-1.175470
-2.279611
-4.025512
-2.089324
-1.274782
-3.785851
-3.106283
-1.907977
-1.331732
-3.816170
-0.834428
-2.806367
-7.109068
-2.136733
-1.136044
-2.818578
-1.042947
-1.105352
-2.774082
-1.618279
-3.126629
-1.906013
-2.493794
-1.638166
-0.770796
-2.822391
-2.361331
-1.287302
-1.565411
-1.927280
-2.213715
-2.349973
-2.086527
-1.514526
-3.071046
-1.582584
-0.301522
-0.058734
-1.770784
-1.931891
-3.501966
-1.828138
-0.299459
-3.440047
-2.638366
-3.215587
-0.713713
-4.481078
-0.236846
-1.949317
-2.291060
-2.830648
-1.605884
-3.143945
-1.854479
-1.061910
-3.535639
-2.593893
-3.882210
-2.273092
-3.261063
-3.223652
-2.115613
-2.894209
-2.944950
-2.762857
-2.997652
-2.342184
-2.109665
-3.538525
-0.128574
-4.405380
-3.139075
-3.616446
-1.482537
-3.034401
-2.423097
-4.221609
-3.042450
-0.305166
-1.237595
-3.085001
-1.653655
-3.166919
-2.193513
-3.056273
-1.636756
0.240618
-2.574621
-1.786809
-2.230120
-1.514119
-2.445306
-1.811663
0.720632
-0.369889
-2.535442
-1.784644
-1.620034
-2.126966
-2.840992
-2.061815
-3.083751
-3.745672
-1.741902
-3.212060
-2.190526
-1.691086
-1.286130
-2.838078
-2.248408
-4.097080
-2.615476
-1.772406
-2.289277
-1.019985
-3.098674
-0.997437
-4.332772
-4.381134
-1.535328
-2.012596
-2.290671
-0.251568
-2.205476
-4.213388
1.391222
-3.783195
-2.720102
-2.228969
-0.918538
0.177894
-3.193161
0.889905
-2.575055
-2.273868
-0.474711
-1.035009
-4.143383
-3.204266
-4.570683
-2.805592
-4.932497
-1.994981
0.117319
-4.591508
-3.772809
-1.143944
-0.844624
-3.915238
-0.717625
-2.236984
-3.115942
-1.599503
-0.119352
-2.932946
-2.702450
-2.470203
-0.124239
-3.881678
-1.662261
-1.254351
-3.533451
-0.824690
-1.736302
-2.791504
-2.473243
0.148016
-0.456234
-5.757259
-3.583581
-0.114702
-4.111138
-4.530463
-3.120054
0.138990
-1.904914
-3.959782
-3.580424
-3.635246
-1.197112
-3.182220
-1.077957
-6.250216
-1.625273
-3.714586
-1.359854
-2.788073
-3.257723
-3.448298
-0.142314
-2.342865
-2.738919
-4.109571
-2.277429
-1.255702
-1.425826
-1.945495
-1.635676
-4.299467
-0.545061
-4.439955
0.191200
-2.800938
0.414634
-0.421411
-3.203997
-1.549578
-0.553951
-4.073509
-2.495242
-2.773742
0.042926
-2.675657
-2.710890
-2.103961
-0.937654
-0.730941
-4.601199
0.462718
-3.999077
-0.138755
-2.634194
-0.957807
-0.257136
-0.240876
-4.528625
-3.162770
-0.967511
-3.497368
-1.316830
-1.217057
-2.627345
-4.661021
-2.642795
-3.419613
-0.990330
-2.130321
-1.805636
-5.232041
-1.967057
-1.864129
-1.627865
-2.580040
-1.216861
-1.645638
-0.421514
-1.633010
-3.924475
-2.501351
-3.236049
-1.951049
-1.799878
-2.209659
-2.946863
-4.262392
-1.605375
-2.216439
-1.384758
-0.491924
-4.498899
-3.521831
-4.062398
-1.831895
-2.418590
-3.884034
-2.521562
-2.723216
-3.556420
0.973867
-2.979481
-1.778606
-3.622761
-2.619489
-1.873503
-4.291775
-1.061136
-3.083708
-2.560272
-2.878397
-2.859484
-4.250966
-3.463793
0.385516
-1.927016
-2.747813
-3.016191
-1.841910
-4.351707
-3.687642
0.147608
-3.151349
-2.290796
-1.356191
-2.141429
-1.447571
-1.849984
-1.558854
-1.549598
-2.132538
-2.340277
-1.312298
-2.014699
-0.508501
-3.267145
-2.597252
-1.811814
-1.049870
-4.398273
-2.592530
-0.346683
-3.383762
-2.560007
-1.946168
-0.303202
-2.698061
-2.229235
-2.520327
-4.952812
-3.813995
-1.189316
-1.820673
-1.366300
-0.948100
-2.513304
-2.481338
-3.192750
-0.991760
-3.466292
-1.155282
-0.572237
-2.791099
-2.287836
-2.016990
-3.393690
-3.929948
-2.333776
-3.418417
-3.226251
-1.431278
-4.636811
-3.601219
-1.260441
-2.291873
-2.791357
-4.067996
-3.077873
-1.651448
-0.865723
-1.965544
-1.548416
-2.708810
-1.105292
-1.586686
-1.039196
-1.058045
-3.952373
-5.925869
-2.027482
-3.289899
-1.863288
-2.793699
-0.530172
-2.085585
0.307112
-2.600370
-2.019343
-1.259394
-1.469062
-3.178650
-2.441608
-3.769030
-0.317643
-2.571308
-3.399373
-1.959592
-5.856151
-1.829690
-4.675721
0.167936
-3.174711
-2.246922
-3.071700
-1.191921
-2.345054
-0.874654
-3.778435
-2.115210
-2.815516
-1.834070
-2.634093
0.646156
-4.661988
-2.057205
-0.270317
-2.709421
-0.937602
-3.933245
-2.448853
-0.710800
-3.945097
-3.721822
-3.348836
-0.737345
-2.597620
-2.978004
-4.326476
-2.600905
-2.309958
0.689582
1.417623
-3.080742
-1.764783
-3.208768
-2.542785
-4.458572
-3.712240
-4.652995
-3.093899
-1.134943
-0.935105
-2.807314
-1.709529
-1.852671
-1.719913
-4.388793
-1.204478
-2.489125
-4.613694
-4.502803
-1.086850
-0.532956
-0.711076
-2.916418
-2.857347
-0.544111
-1.885932
-0.532632
-2.478263
-3.584810
-3.534559
-2.469974
-3.639259
-1.866521
-1.971169
-3.384012
-2.075367
-6.191202
-3.316332
-1.594062
-2.594608
-2.453331
-1.478424
-2.651431
-2.450303
-0.087942
-5.198494
-0.050858
-2.780475
-2.146882
-1.465312
-2.885890
-1.752231
-1.287501
-1.544402
-1.701221
-1.958544
-2.342579
-1.496611
-6.947334
-4.377281
0.072128
-2.144218
-4.908785
-2.639747
-1.348097
-1.489443
-3.233911
-3.913570
-0.249089
-3.033957
0.140078
-2.050854
-1.754148
-0.190822
-3.732143
-2.426436
-0.051977
-1.723071
-1.056012
-1.340459
-4.090595
-0.511798
-3.269405
-4.133707
-3.941567
-6.137419
-1.384596
-1.904242
-2.234761
-2.698655
-1.904299
-3.649041
-2.699477
-2.528845
-2.983710
-3.006246
-0.584067
-3.308355
-2.518411
-2.015321
-0.025770
-2.751502
-1.054977
1.071787
-2.113816
-1.195176
-2.589211
-1.345544
-3.318625
-2.818544
-4.126446
-1.796114
-1.623949
-2.770836
-3.670073
-3.028546
-1.103343
-2.322556
-1.086740
-2.464970
-4.697095
-4.130949
-3.712204
-2.219401
-4.843437
-3.806646
-1.573426
-1.550045
-1.967942
-2.772474
-4.286386
-2.540060
-3.167533
-0.406505
-3.946803
-2.133422
-2.997132
-0.242899
-5.381366
-4.292810
-1.461965
-3.188549
-1.618072
-4.267221
-0.948788
-2.386478
-2.672151
-0.142773
-1.427821
-1.561128
-2.502847
-2.712503
-4.432552
-5.352128
-2.965436
-2.613189
-1.393939
-3.570055
-1.453755
-1.478086
-4.253459
-2.774384
-3.310291
-1.505933
-1.223254
0.187907
-3.557206
-2.816747
-3.050475
-4.440779
-3.421937
-1.973913
-0.448474
-2.193231
-0.950767
-1.492534
-1.429108
-2.670569
-4.158796
0.418107
-1.959428
-1.454723
-2.142428
0.339894
-4.562825
-3.875966
-3.193126
-2.394456
-2.540713
-3.087632
-2.144239
-3.616953
-2.899201
-0.587858
-2.994727
-2.280529
-2.283517
-1.246305
-4.427546
-0.362278
-1.020164
-3.750910
-3.213194
-0.043905
-3.898476
-4.868730
-1.952603
-1.983647
-0.217671
-0.999441
-4.855619
-4.258565
-4.146896
-1.175001
-1.879707
-3.505893
-3.746449
-0.842577
-1.432646
-2.512188
-2.732827
-3.087060
-2.950648
-1.398319
-2.810346
-1.781522
-4.632507
-2.580775
-0.103558
-4.622995
-2.439601
-0.672115
-3.080175
-3.900324
-4.952732
-3.404016
-2.788558
-1.954745
-6.517397
-3.119546
-2.948455
-1.836168
-2.128778
-2.329676
-2.456470
-2.413375
-4.704319
-1.585770
-0.891545
-1.245036
-4.737677
-3.221615
-1.158282
-0.290994
-2.842137
-5.350098
-2.107978
-3.371120
-1.708307
-4.187258
-2.249607
-4.154281
-2.038317
-1.776688
-1.133440
-2.895534
-5.147265
-1.946436
-3.166654
-2.456395
-3.684790
-4.764612
-1.672103
-4.364817
-2.748925
-3.383674
-0.782065
-2.014737
-5.390271
-3.458701
-2.248172
-0.067809
-1.218217
-1.381870
-3.459747
-1.095271
-0.153666
-2.750392
-2.352570
-3.943967
-3.540205
-2.515092
-3.525414
-3.374166
-2.477780
-2.586438
-2.455655
-3.398292
-3.221557
-2.723744
-1.669850
0.527191
-3.735482
-6.138299
-3.781235
-5.010217
-0.014891
-1.797920
-0.276340
-3.339970
-2.853563
-2.643021
-4.671068
-4.234552
-1.950136
0.806701
-1.823297
-3.718779
-1.874382
-3.610042
-3.636717
-3.639189
-3.228977
-4.030708
-1.417312
-4.825965
-1.854653
-0.562418
-2.672521
-2.705355
-2.293093
-0.422898
-3.325130
-3.257958
-2.419333
-2.338030
-3.889239
-2.494449
-1.885000
1.070390
-2.998498
-2.943586
-4.107892
-1.510211
-4.160218
-10.563806
-4.067411
-2.862515
-3.373706
-2.622640
-3.882519
-3.603974
-1.229981
-11.615517
-1.019060
-2.952044
-2.698400
-3.971734
-0.787914
-0.408583
0.065640
-0.646952
-6.082499
-1.267928
-1.125938
-1.959802
-3.852077
-1.452553
-2.175132
-2.690487
-4.250910
-3.034646
-3.011143
-1.801449
-2.638907
-2.752619
-2.962714
-4.215775
-1.072129
-1.939660
-2.950150
0.322294
-3.804412
-5.055506
-1.759042
-3.392579
-4.052433
-2.733589
-1.756084
-1.477266
-1.716249
-0.778685
-2.684760
-3.429174
-2.966146
0.491898
-2.005860
-2.268634
-0.822726
-1.054914
-0.839815
-2.229139
-3.760465
-3.246117
-2.696853
0.275099
-2.495754
-1.899110
-2.952843
-3.298266
-4.126231
-2.471891
-1.647311
-3.128420
-2.050193
-2.461174
0.916722
-4.165688
0.998772
-4.802359
-2.835397
-3.342304
-1.516841
-2.583694
-2.418350
-1.353533
-2.134648
-0.911196
1.039763
-3.894047
-3.471753
-3.056719
-3.907444
-1.769159
-0.987739
-1.870287
-0.592098
-5.192714
-2.994469
-0.314859
-0.820260
-1.453483
-1.561795
-1.628876
-2.623260
-10.119481
-0.957520
-1.998719
-4.938258
-1.449940
-1.446182
-0.135299
-1.821230
-3.830479
-4.897243
-2.455538
-2.472166
-0.990460
-7.119254
-2.656658
-1.180441
-1.404388
-3.416368
-2.644528
-2.858894
-5.180232
0.034646
-2.180665
-0.225371
-2.108838
0.680649
-4.097225
-2.835371
1.192195
-1.404978
-5.330916
-2.908847
-2.082519
-3.552546
-1.181773
-3.191633
-0.905465
-3.814600
-4.928045
-3.060648
-2.210575
-1.134272
-2.338325
0.131172
-2.570780
-4.073633
-0.975841
-1.335255
-2.477352
-3.906631
-1.117988
-3.458371
-4.457015
-0.083909
-0.131971
-3.545039
-0.715643
-3.277248
-2.937389
-2.216042
-0.161602
-4.173317
-0.852914
-3.509518
-2.203631
-2.782627
-5.217540
-4.284099
-4.420187
2.384834
-2.546741
-2.295393
-2.630136
-1.938940
1.020980
-3.083129
-0.531449
-1.356949
1.119696
-3.689616
-2.772755
-1.438370
-2.433938
-3.307942
-2.088549
-0.710247
-1.820971
-1.726901
-1.538610
-2.220153
-2.036852
-4.493678
-2.130373
-3.872928
-5.012186
-0.405622
-1.650422
-4.710759
-2.995209
-4.231096
-2.864509
-4.168526
-3.227600
-3.087640
-2.090966
-3.127995
-2.352598
-4.177767
-2.742437
-2.165085
-4.627925
0.064137
-0.033769
-2.216825
-1.573808
-2.738864
-5.368966
-2.989730
-0.385234
-4.332336
-2.925894
-2.694256
-3.101118
-2.351142
-2.438349
-0.466613
-3.032464
-2.396737
-2.516811
-5.748466
-1.452587
-3.102000
-4.274675
-3.867100
-3.654853
-4.153945
-1.421556
-4.819159
-2.374726
-3.809072
-3.677577
0.225571
-2.524301
-2.412793
-2.306642
-3.670379
-2.822176
-2.716181
-2.411365
-2.563387
-6.122589
-0.574621
-2.638922
-3.411553
-4.361672
-2.557618
-2.327489
-3.537199
-1.627307
-4.326993
-1.517344
-1.138950
-2.686165
-4.081307
-1.363483
-3.225076
-2.968266
-1.633708
-1.518752
-3.676980
-2.577755
-3.962092
-3.303870
1.250392
-3.003493
-4.588589
-2.672927
-0.911229
-1.595846
-1.890910
-0.076251
-2.848683
-2.568157
-3.989161
-1.556042
1.073496
-2.530650
-3.977864
-2.784899
-4.031231
-3.005821
-4.135911
-4.420198
-2.098142
-4.734959
-3.015023
-1.855558
-0.755312
-4.378647
-4.787160
-1.730087
-1.487409
-3.244699
-0.975053
-4.244406
-3.505409
-1.309301
-3.274827
-3.260836
-1.974517
-2.512852
-1.451229
-0.565757
-5.855124
-3.072605
-1.662600
-2.378795
-5.157604
-3.144248
-4.400789
-3.434294
-2.334419
-2.357112
-3.916581
-0.195236
-2.769404
-2.239868
-2.778103
-1.978761
-3.980508
-2.330378
-2.040861
0.103883
-2.718009
-1.650059
-2.785566
-4.738910
-2.071701
-2.796455
-0.626200
-3.786820
-2.316944
-0.008530
-5.064990
-3.668771
-2.316516
-3.455068
-3.065801
-1.384380
-2.540502
-3.480700
-2.944000
-1.887646
-3.549494
-1.467907
-0.834291
-4.187964
-0.974871
0.969901
-2.153219
-3.747157
-3.169429
-0.768051
-2.057086
-2.677081
-0.769036
-3.562500
-0.079583
-1.070230
-5.051262
-3.070937
-1.238225
-7.100543
-3.449746
-3.131036
-2.854468
-3.331933
-3.022251
-4.935459
-3.167874
-2.554360
-1.808594
-1.234442
-2.986612
-1.790369
-3.002551
-1.725783
-3.134942
-3.195169
-1.596160
-3.461500
-2.740791
-1.930499
-4.498262
-3.705266
-1.396644
-5.175414
-2.071158
-3.949951
-0.574038
-3.735156
-2.155927
-1.617472
-0.564713
-4.911284
-0.890281
-4.238482
-4.397495
-2.360441
-1.926776
-2.713884
-1.450526
-1.984356
-4.026059
-2.060384
-1.118406
-1.844990
-1.580300
-1.709870
-3.468626
-2.402322
-5.710198
-1.921932
-4.212993
-1.314504
-4.838466
-2.982465
-4.551491
-2.223822
-3.846888
-2.818312
-0.654706
-4.012162
-2.559339
-1.926987
-1.139797
0.099046
-2.802615
-1.320369
-2.958701
-3.651062
-6.058753
-7.414733
-3.631588
-2.510180
-2.018109
-2.150715
-1.105258
-0.556544
-3.334781
-2.495300
-5.114178
-5.759614
-0.722105
-1.724222
-5.933037
-4.167900
-11.861290
-2.749968
-4.427122
-3.419265
-3.008291
-1.909784
-2.405246
-4.577649
-2.334276
-4.836609
-6.320835
-1.691570
-3.820512
-1.319706
-3.631998
-2.231331
-5.260440
0.421176
-1.595526
-2.983418
-2.215354
-1.682591
-1.108260
-3.331861
-4.128498
-3.593430
-1.405084
-3.742559
-1.499626
-3.621587
-0.310887
-4.088073
-3.272736
-1.616329
1.018793
-1.696633
-2.278877
-2.677791
-2.935307
-3.615117
-2.011247
-1.205729
-1.933118
-3.891503
-3.150724
-3.265768
-5.130214
-1.016811
-1.343232
-2.096373
-3.103250
-2.274702
-1.132043
-3.260356
-3.479945
-3.913653
-2.925796
-3.084349
-2.244720
-2.109440
-4.174622
-4.216331
-2.301424
-2.315654
-1.489848
-0.094978
-4.266953
-1.815697
-2.213518
-4.059482
-2.194421
-2.476703
-3.450520
-3.368642
-2.697211
-2.688372
-3.437973
-1.836767
-3.960506
-3.313701
-3.459881
-2.733323
-1.676008
-2.668170
-5.263129
-3.254497
-0.568033
-0.558540
-2.273928
-3.349850
0.211733
-3.227824
-1.279745
-3.189928
-2.487727
-3.023954
-1.942195
-3.331630
-1.404134
-2.197362
-3.390128
0.711169
-4.439233
-3.507123
-1.348761
-3.239228
-1.449025
-4.798390
-2.538571
-3.169899
-2.982446
-1.923261
-4.244676
-4.527179
-1.888428
-2.768884
-2.548156
-0.194043
-5.202975
-2.514077
-2.965839
-2.557267
-2.740160
-3.240961
-1.645044
-3.439536
-2.848846
-4.372296
-2.851978
-3.106286
-2.914911
-0.812857
-2.991643
-2.834727
-3.054973
-0.688700
-2.556164
-0.964139
-0.739515
-4.051609
-1.804271
-1.095123
-0.978794
-2.397843
-2.581383
-2.755597
-4.477410
-0.959569
-2.481136
-2.056177
-3.087042
-0.762970
-1.784161
-2.849691
-4.088151
-2.173451
-1.873448
-2.326408
-4.245052
-1.665070
-1.940854
-4.674056
-5.123305
-3.363735
-2.780554
-2.660375
-3.465301
-1.307633
-1.256823
-2.758026
-4.021739
-2.765344
-1.156903
-3.153543
-4.756671
-2.886423
-4.857548
-2.492506
-2.587454
-2.614794
-2.410024
-0.948738
-3.709891
-4.735490
-1.632150
-2.426336
-2.844904
-4.333699
-2.995757
-3.706105
-3.419241
-0.055342
-1.768755
-4.001571
-2.902628
-0.985896
-2.452184
-3.363830
-2.956145
-4.297033
0.773949
-4.228431
-1.235152
-2.174313
-0.731898
-3.103212
-1.531859
-1.864111
-2.550575
-5.670210
-2.776289
-2.641864
0.563191
-3.759862
-1.208715
-3.234776
-4.121767
-2.462480
-0.762495
-2.029428
-2.959132
-4.670535
-3.290042
-2.969626
-4.437238
-2.252587
-2.780944
-3.023409
-3.562495
-4.139527
-3.735788
-4.276601
-3.959249
-4.381779
-3.529607
-2.110084
-2.461947
-3.350262
-3.059543
-1.578917
-3.312918
-0.042924
-2.354923
-1.187582
-1.848811
-2.284292
-2.897534
-1.814335
-5.224113
-0.699383
-4.272655
-2.952625
-3.272967
-3.806874
0.022259
-2.577593
-2.283043
-9.886736
-4.450867
-2.000623
-4.562166
-1.117469
-1.247894
-4.572860
-5.559781
-2.967921
-3.927447
-3.984984
1.531956
-3.550502
-3.660246
-1.731483
-1.964692
-4.232125
-2.938461
-2.233495
-4.462326
-4.481492
-3.920154
-1.409734
-3.757075
-3.523892
-1.597740
-2.698034
-2.700540
-2.767998
-2.031686
-2.872916
-2.552556
-3.831234
-2.390855
-1.927356
-2.587551
-1.973427
-3.325271
-2.139737
-0.743792
-2.187728
-1.176942
-2.445237
-3.921856
-3.591393
-3.862741
-4.612247
-2.866451
-2.556800
-1.845631
-3.599439
-0.427608
-2.993041
-3.566947
-1.936116
-0.970582
-3.328693
-2.128494
0.413040
-3.020179
-3.388076
-2.103884
-0.967602
-2.777846
-2.452557
-0.607784
-3.458818
-2.498669
-2.910293
-5.138377
-2.235636
-3.754939
-1.522739
-1.157619
-4.616418
-3.314557
-3.104653
-2.614316
-4.704398
-10.644405
0.032638
-2.553537
-3.829550
-3.956499
-1.217790
-2.807350
-0.970376
-3.770098
0.138760
-4.292819
-3.919200
-4.744291
-1.009819
-2.952446
-1.723463
-3.316626
-3.117604
-2.811741
-3.160149
-2.187184
-3.483590
-2.307031
-4.206905
-3.893362
-1.813995
-2.476255
-3.431962
-3.058517
-4.000304
-3.195925
-2.873649
-2.669340
-2.090995
-2.236029
-3.824206
-2.024949
-0.259498
-0.242317
-0.559843
-4.601992
-2.326834
-5.142619
-8.500799
-0.462728
-2.716590
-0.757694
-2.227266
-1.225984
-1.903022
-2.278230
-5.610534
-1.963554
-3.596050
-2.549589
-3.204734
-1.246912
-4.591179
-3.120488
-1.831342
-2.916511
-2.611378
-1.746378
-1.009481
-2.578476
-2.433456
-2.252422
-2.785712
-4.207211
-3.225130
-3.814400
-1.236549
-3.002071
-3.114960
-2.594171
-3.982451
-0.572024
-3.520996
-3.679896
-2.175609
-4.326696
-2.664161
-0.156568
0.510007
-0.635169
-3.515324
-7.056669
-3.599211
-7.663803
-3.356889
-0.853202
-5.075369
-2.366763
-2.914433
-2.965671
-5.559482
-3.283004
-1.662334
-3.027153
-4.499726
-3.063759
-2.464931
-2.731251
-4.066115
-3.455564
-2.216333
-2.218393
-2.178761
-3.673844
-0.716960
-4.284826
-2.558057
-3.294585
-2.283250
-4.298650
-0.887746
-4.262020
-2.969081
-3.630770
-1.588236
-0.783428
-3.474171
-3.332193
-2.338869
-2.323471
-3.912606
-1.882243
-2.178332
-2.297209
-0.601585
-2.984269
-4.351336
-3.194990
-3.106302
-3.319118
-1.728773
-4.079656
-0.571158
-0.881219
-1.793609
-2.638242
-4.108073
-2.924608
-1.899691
-3.257012
-3.045741
-2.628564
-2.015416
-2.810586
-2.368401
-1.625379
-4.105420
-3.022652
-2.771568
-2.064580
-2.826683
-1.012003
-3.227061
-3.035270
-0.584446
-1.929150
-1.918971
-4.650323
-0.034512
-4.153580
-1.883315
-3.291606
-1.849720
-1.058108
-3.705998
-3.298660
-2.139417
-2.302245
-2.405902
-3.291266
-0.977019
-5.147167
-2.682834
-1.383040
-2.825598
-1.962616
-4.408805
-1.155617
-3.692457
-3.051038
-1.807632
-1.484816
-3.410147
-4.891785
-1.873737
-2.757350
-4.079369
-2.406360
-4.340904
-2.054081
-4.139785
-5.106899
-1.731030
-3.319678
-2.938480
-0.939291
-2.493244
-2.040701
0.372060
-3.317588
-5.859209
-2.438890
-4.067358
-2.315962
-2.128515
-0.723641
-2.178273
-2.195480
-1.302691
-0.945275
-2.542334
-5.018557
-3.862961
-2.008970
-4.011320
-3.001357
-2.018213
-1.309223
-2.774015
-2.936401
-2.952837
-6.196653
-5.475573
-5.461336
-0.426645
-3.262623
-1.133587
-1.355455
-0.667976
-1.727996
-2.016296
-3.342405
-4.807509
-3.663913
-1.522778
-3.081659
-2.812587
-1.465884
0.073307
-3.525108
-3.125365
-3.741329
-5.476177
-2.657789
-2.146111
-4.753950
-2.895861
-3.257546
-5.114889
-1.555306
-1.285973
-0.699992
-4.176436
-3.463160
-3.945549
-2.652658
-4.266322
-2.887537
-2.867908
-1.946945
-2.946733
-2.150859
-2.330667
-1.787857
-0.468014
-1.664879
-1.433275
-2.101021
-2.472978
-2.916180
-1.720567
-1.727802
-3.876443
-3.104230
-2.005835
-4.377315
-4.603475
-2.521498
-3.565373
-5.765449
-2.855849
-3.310960
-1.490289
-2.202787
-3.023934
-1.529643
-1.912373
-2.405376
-2.385206
-4.059618
-2.965961
0.080113
-7.825100
-1.744245
-4.444850
-1.487448
-2.811822
-3.215249
-0.046414
-3.406476
-2.956904
0.152345
-2.730003
-3.855220
-3.487473
-4.436265
-3.202956
-7.950594
0.190681
0.476422
-3.883870
-1.784731
-1.547606
-1.260570
-2.197786
-2.437128
-1.646667
-3.134970
-3.010361
-2.927239
-1.722604
0.556538
-2.652627
-2.779893
-3.611983
-4.458881
-4.210999
-3.279748
-4.131486
0.159384
-4.742752
-3.095964
-2.967996
-1.745447
-2.990573
-1.949591
-4.675793
-0.561905
-2.373856
-0.880089
-2.252168
-3.634068
-0.820670
-3.139678
-3.717347
-3.916803
-1.352036
-4.201428
-3.248141
-1.403986
-1.493712
-4.510976
-2.878389
-1.345932
-1.298893
-2.175459
-2.240508
-2.742168
-3.870668
-1.173330
-4.131463
-4.203110
-2.380414
-3.667474
-2.016205
-3.576691
-2.167644
-1.410115
-2.593721
-2.556882
-4.337721
-3.753172
-3.721739
-6.271528
-1.490392
-2.790358
-3.824574
-7.501729
-1.303344
1.335413
-0.546993
-3.460310
-4.222362
-2.516488
-0.058516
-1.603395
-2.041199
-4.367030
-2.373613
-1.345056
-1.625793
-3.505081
-1.447709
-2.586950
-0.125567
-6.191587
-1.708534
-4.226747
-3.669540
-1.379568
0.310686
-0.057449
-2.381674
-3.800538
-1.411023
-1.634873
-2.164015
-3.574572
-4.052032
-1.593836
-2.947243
-2.917108
-1.293018
-4.092137
-0.614793
-4.586871
-1.789864
-3.076793
-4.799839
-4.400848
-1.797279
-1.958120
-2.994583
-2.255804
-2.073113
-3.803768
-3.738068
-3.363878
-2.459300
-2.455902
-0.862903
-3.819824
-2.508565
-3.241668
-1.389635
-1.148869
-3.918483
-5.435386
-3.774987
-1.753392
-4.296106
-2.177636
-2.710013
-1.240435
-2.605300
-1.795154
-3.598643
-3.583983
-1.976290
-3.647781
-3.734987
-2.122987
-3.459079
-2.008281
-5.273352
-2.809427
-3.485102
-5.151127
-2.904628
-2.067252
-1.804228
-0.873524
-4.950559
-1.649518
-2.761053
-0.299823
-2.771969
-0.333619
-3.082314
-1.788667
-2.640980
-2.771960
-3.326653
-3.192347
-6.422440
-1.878179
-2.230712
-0.461440
-0.289839
-2.247597
-2.263394
-0.764160
-4.128230
-4.265864
-2.070727
-1.664019
-0.385342
-4.309506
-5.112706
-1.113527
-1.381497
-1.530139
-3.519887
-1.985036
-2.049523
-3.229141
-3.833824
-3.395964
-2.826107
-1.480123
-4.046355
-1.117146
-4.190918
0.586979
-1.763767
-3.011823
-1.846999
-1.905424
-2.206101
-2.598247
-1.441802
-2.996566
-2.940177
-1.526127
-1.462962
-3.328303
-2.671584
-4.727103
-3.822638
1.484666
-2.406060
-1.852571
-2.395732
-2.767410
-2.532621
-2.873649
-1.360251
-2.519272
-2.207032
-4.613813
-4.152779
-2.345688
-3.047647
-3.260159
-1.958873
-3.149249
-2.417648
-1.803845
-2.525239
-2.096725
-2.461782
-2.158512
-3.681550
-3.109119
-3.074478
-2.816119
-1.960426
-9.291821
-0.710562
-3.606574
0.131043
-3.577781
-2.237357
-2.738208
0.467712
-2.321820
-3.421599
-0.399016
-2.450276
-2.282715
-1.687174
-4.886489
-3.354032
-1.701674
-4.816379
-3.569129
-2.759592
-1.024227
0.253873
-3.508406
-2.098752
-3.547387
-3.448636
-2.592742
-2.468595
-2.293610
-4.489132
-2.888484
-2.710742
-3.690646
-2.320667
-1.729456
-1.853556
-3.200461
-3.947668
-0.846804
-3.467585
-3.168952
-3.643989
-1.362759
-2.773191
-2.236213
-3.512905
-3.847335
-2.918637
-2.565817
-1.239681
-2.892298
-4.591852
-2.983221
-2.532857
-3.405152
-0.091468
-2.456410
-0.327914
-4.255346
-2.530452
-4.105672
-1.791346
-2.004976
-1.382441
-4.939245
-1.930445
-1.693442
-2.553402
-4.756677
-0.520393
-2.719025
-2.030555
-2.796005
-3.636191
-1.963991
-1.961600
-1.838398
-1.831816
-3.827260
-3.224164
-3.494762
-4.647666
-2.048993
-2.442145
-2.475032
-1.252544
-4.274848
-0.516868
-3.413497
-0.105934
-2.899237
-4.659680
-3.244207
-1.995431
-2.268728
-2.825624
-3.415997
-2.831567
-3.297763
-4.416625
-0.423073
-1.807382
-2.184447
-3.376999
-3.463414
-1.520669
-3.882340
-1.006013
-4.326575
-4.094106
-3.450438
-0.838480
-2.789884
-4.072860
-3.115632
-0.964827
-0.084572
-3.050666
-3.564228
-6.095119
-1.576526
-3.868359
-1.182403
-2.998925
-2.805526
-2.653169
-2.981436
-0.942768
-3.699587
-5.314898
-3.201567
-2.208699
-1.620830
-0.847469
-3.386897
-2.099225
-1.090655
-4.788108
-2.465823
-3.898887
-3.382881
-3.543749
-2.908598
-2.051393
-1.794246
-1.920074
-2.813450
-3.719830
-2.626494
-1.885344
0.377028
-11.923290
-3.657548
-3.127368
-2.137532
0.392663
-4.623009
-2.764545
-3.214623
-2.209503
-2.923167
-3.412020
-2.710852
-5.025602
-4.593184
-3.777524
-1.683079
-1.471770
-2.449255
-0.841336
-4.424560
-2.892084
-4.313784
-2.451398
-1.220255
-0.644811
-2.454726
-3.605994
-2.463863
-2.386952
-3.001310
-4.090808
0.043511
-4.209299
-1.437703
-4.907603
-4.467673
-1.773715
1.024072
-3.369083
-2.952502
-2.339688
-1.660280
-1.815582
-3.454209
-2.614890
-4.586671
-3.819601
-3.804546
-1.690489
0.760732
-4.376724
-3.788255
-1.532119
1.130337
-1.705016
-2.768305
-2.816365
-2.681390
-4.026440
-3.175484
-2.797891
-2.078429
-6.932050
-0.290145
-2.798389
-1.076567
-2.769060
-3.603673
-2.671226
-1.726387
-1.265278
-0.483479
-0.177659
-2.212765
-3.966039
-3.184242
-1.607702
-1.398850
-2.931963
-3.612051
-3.943148
-2.696165
-2.776580
0.110491
-2.534724
-4.148732
-0.227833
-3.854552
-0.255184
-2.014361
-2.163309
-1.864044
-2.948943
-3.436406
-2.947377
-4.625176
-2.928434
-2.508668
-0.099214
-1.929111
-3.257039
-1.684394
-2.981367
-3.856550
-1.041357
-3.115516
-1.665030
-2.617239
-2.705358
-2.962275
-1.096742
-2.298019
-1.339164
-1.628126
-3.279659
-5.317717
-4.024365
-4.782106
-3.253480
-1.536941
-2.188396
-3.377930
-2.173788
-5.511886
-2.579781
-0.765963
-1.658876
-2.411483
-1.051173
-2.164993
-4.838004
-3.015808
-5.162373
-3.001345
0.368296
-0.517634
-4.467039
-2.546412
-2.067351
-2.654489
-2.625547
-1.763064
-2.735654
-1.646351
-1.002792
-3.935869
-2.255015
-3.976079
-2.146721
-2.192550
-2.280416
-2.950533
-3.277325
-1.736032
-1.307331
-4.627527
0.318759
-4.169182
-0.673804
-2.531642
-4.559875
-3.724731
-2.800262
-4.558471
-1.781287
-4.535040
-4.603273
-2.514400
-0.137775
-6.489848
-4.814208
-3.559357
-2.861601
-2.478003
-1.718910
-0.541611
-4.168935
-2.168475
-3.332633
-4.246152
-1.801774
-1.904270
-3.800451
-4.146176
-2.148718
-3.408897
-1.909323
-2.030560
-2.596794
-2.006013
-4.120744
-2.401341
-1.744904
-1.731669
