8
2 10 100 500 1000 2000 3000 4000
-1.041658
2.151418
0.666183
7.001673
4.094344
3.305119
3.098505
1.537090
1.020356
1.727715
2.567401
1.395849
1.384875
1.281431
0.727034
-1.948147
0.298892
0.515156
-0.271722
0.888829
1.646164
-1.300798
1.596712
-2.044866
-4.530239
-2.439709
-3.561523
0.838553
0.223266
-0.088833
1.607504
1.111634
-1.765412
-1.918891
2.075220
2.187330
-0.355917
0.907969
-0.098707
0.543578
0.215696
2.094935
1.063061
0.263829
0.678840
2.435373
-1.238291
-1.229139
2.075393
-1.190195
-0.272268
2.575982
1.878683
0.226313
-1.434487
1.821668
-3.880095
-1.636439
-1.064659
0.869533
0.121010
-2.172052
1.447861
-0.251172
0.267175
0.653845
3.032694
0.057576
-1.628842
-0.470207
-2.337540
-2.090668
-0.321089
-2.111514
-1.160380
-0.920785
2.300647
0.566999
3.746678
1.232800
0.543671
-4.786254
0.248055
-2.273948
-0.678157
2.886836
-0.060196
-0.378127
-5.362580
2.657754
-1.109500
-5.529309
-0.564909
1.785514
-0.625952
0.251827
-1.463602
0.145318
-4.580897
-0.840203
0.382087
-0.468232
-1.995408
-0.336122
-0.162597
-0.775765
1.639365
5.223046
-1.206484
3.672347
0.361597
-1.917553
-0.007458
1.277140
-3.435140
-2.579175
-2.625532
-0.074811
0.193812
-1.068632
2.836709
-0.251242
-0.971910
-0.660461
-2.004058
0.669168
-1.981472
-0.344742
-0.582563
-2.375722
-0.205907
0.531298
-0.344921
-1.260216
-1.371069
-0.649496
-1.581169
0.273696
-1.096493
1.241226
-2.617260
-0.560166
0.204532
-1.631600
-1.314629
-1.297668
0.969813
-1.212816
-1.858349
-0.227262
0.426160
1.865861
-4.322801
0.568237
2.277333
1.219384
-5.809960
1.932504
0.026291
0.117274
-0.584478
-1.096363
-1.333398
0.610462
0.261421
-2.070554
-1.150607
2.326263
-1.061077
-2.709264
-0.309643
-2.182424
-2.027557
-0.195966
-1.795307
-0.144728
-1.788668
-3.675071
-1.445736
-4.808929
-1.785814
0.289608
0.803758
-1.560391
-1.384863
0.464575
-2.098044
-4.604009
0.787367
0.878137
1.538659
-1.853362
-2.565410
-0.482261
-1.460965
0.232702
-3.231803
0.204491
1.137015
1.880152
-3.715231
-5.625384
0.501200
-1.021206
-3.188803
1.168345
-0.446447
-3.390522
-1.738805
-2.169861
-2.680619
2.060234
-2.438915
-2.164554
-2.402462
-2.011426
3.528616
-0.867015
-1.167332
-0.343548
-1.412633
-2.160286
-0.188845
1.018929
-3.229151
-2.368551
-1.868817
-4.343632
4.245229
0.192459
0.690480
-2.884166
-2.019083
0.583348
-1.657447
-4.351948
-1.940307
2.638802
-0.598762
-0.031069
-0.686396
-1.787827
-3.536651
-2.610772
-0.617455
0.940197
-1.245643
1.211270
-1.168653
0.166535
-3.583704
-1.046004
-0.687490
-1.658019
-4.284333
0.313004
-0.582086
1.495415
1.853587
-3.298799
-1.745303
-3.562956
-0.288972
0.997033
-4.576128
-2.098880
-0.238145
-2.563674
-2.743836
-3.965837
0.478245
0.705789
-2.882547
2.163083
-2.443506
-3.025365
2.209648
0.954123
-3.240314
-2.751127
0.114849
-0.909440
-4.254273
-1.608601
0.235936
0.266029
-1.325784
-1.918288
-0.278733
-5.286337
-3.419359
-3.040457
-0.845029
0.347839
-3.157995
-0.255473
-1.372540
-1.536292
-3.789018
-1.605093
-2.022753
-2.811720
-2.324831
-3.661413
-1.702547
-2.957273
-0.065774
-0.714611
-1.108727
0.108181
-0.962186
-3.994920
-3.904531
-2.235125
-0.810037
-3.379377
-2.431471
-0.379637
-3.796667
0.062595
-0.601390
-0.734712
-1.945346
-0.429790
-0.272840
-3.774229
0.732146
0.143610
-3.357786
-1.346568
-1.984716
-2.780129
-0.477250
-1.284981
0.044238
0.760409
-0.875393
-1.621040
-2.542913
-2.331298
-0.001168
-1.213293
-2.687613
-0.477162
1.169590
-1.164777
-1.087646
3.848289
-2.845820
-4.822285
0.262905
-0.609424
1.728262
-0.371154
1.889558
0.521963
-1.364846
-2.350934
-3.037613
-3.810997
-2.506935
-3.307487
-2.337635
1.357817
-2.054960
-2.607502
-2.439228
-0.283156
-1.736372
-1.830752
-2.555809
-4.623350
-0.672506
0.938368
-2.075384
-0.254027
1.140408
-0.080448
-0.763772
-0.375483
-2.075476
-1.543674
-1.819311
0.698975
-0.770640
-4.440076
-0.923466
-1.417869
-3.245359
-1.249264
3.902203
-0.672053
-2.180509
-4.495971
-0.044054
-4.576513
-0.832162
-1.701041
-3.244877
2.000689
-1.119055
-2.683239
-4.420762
0.464717
1.256856
-3.523544
-4.335456
-1.313931
-1.435188
-1.837202
-3.977367
-0.700963
-1.734489
-2.089490
-2.431191
-1.458014
1.814381
-3.244692
-3.516750
-0.885448
-0.296515
-0.786732
-2.269835
-1.477064
-1.384249
-0.616395
-1.669276
-1.857584
1.081130
2.122892
-2.842278
-0.129337
1.001057
-1.300689
-1.487683
-2.192811
-1.477210
-1.733514
-2.229703
-0.969445
-4.322511
-1.684108
-1.249806
1.014673
-0.342395
-2.612974
-1.471061
2.207288
-2.135926
-1.179766
-1.974008
3.484140
-2.319394
-2.862466
-0.899976
-0.578223
-1.202183
-2.902454
3.017970
-0.979305
0.207020
-0.858963
0.173667
-4.587244
-0.964739
-0.356655
-2.276243
1.508982
-0.385803
0.257024
-0.399027
-3.514262
0.953419
-0.822014
-4.008939
0.492783
-0.400365
-1.847410
-1.100936
-2.125071
-2.653223
-0.446801
-2.020216
-2.146015
0.737287
-0.200347
1.134468
0.799984
-3.685777
0.927810
-4.697949
-1.746616
-3.528337
-3.876740
-1.904132
-4.014710
-1.373898
-0.431864
-4.042418
-1.489649
0.259571
1.125567
-1.708815
-3.503582
-4.369772
-2.307794
0.143719
-1.900002
-4.805586
-1.325546
-3.840253
-2.103366
-2.947848
-3.439794
-2.957811
0.380596
0.139298
-2.078649
-1.327220
-0.528085
-1.151282
0.958130
-3.543193
-3.904374
-0.450372
-2.647369
-1.917647
-2.680662
-2.491459
-1.700866
-3.799264
-2.886220
0.795017
-1.364023
-2.359302
-1.396960
0.471087
1.028777
-2.736848
0.619823
-4.402296
0.583095
-2.552610
-2.053182
4.651526
-1.131390
-3.256551
-1.129966
-6.496176
-0.502515
-1.605520
-1.631613
2.298956
-3.444133
0.796234
2.799899
-0.549640
-0.249689
-3.378627
0.972646
-3.071036
0.788676
-2.259411
-0.904019
-3.395784
-5.778007
2.210390
-1.516449
-2.478600
0.216995
1.957217
-0.676534
-1.839486
-0.089391
-1.650973
-2.069222
-2.420653
-3.180390
-2.406353
0.396052
-0.915999
-4.605352
-2.830280
-3.054212
-1.878765
1.166747
-3.998056
-0.524119
-0.379898
0.744810
0.404920
-0.500237
-1.067075
-3.023491
-2.160180
0.217111
-2.741103
-5.672153
-0.282738
-2.178183
-2.111137
0.612890
-1.309419
-2.534611
-1.830934
-3.328304
-0.598891
-2.861173
0.445857
-2.646781
-1.627312
-1.734864
-3.959468
-0.478559
-2.036399
0.484066
-0.816970
-0.903467
-0.710450
0.805908
-0.922321
-2.471526
-0.050399
-0.646596
-2.053575
-4.113794
-3.338043
-1.818451
2.410347
-4.865762
-1.667216
-1.118423
-3.191992
-0.709794
-1.686584
-1.056015
-1.462309
-4.475572
-1.270913
-0.041418
-1.732605
-0.518620
-2.675842
-0.141649
-0.392040
-3.782604
-5.763126
-3.874171
1.299462
-2.113598
-4.944312
-3.940301
-1.891630
0.616017
-2.666827
0.647132
-4.927623
0.636185
-3.643425
-4.033044
-1.389640
-1.222534
-2.994541
-5.146151
-1.143062
-4.251953
-2.819368
0.229085
-0.797666
-0.830107
0.080221
-0.275951
1.547544
-1.362278
-0.548128
-2.073556
-2.271878
-0.319759
-0.774274
-2.793514
-1.815205
-0.218639
0.863086
-0.835676
-2.823197
-0.637973
0.245310
-1.819790
-3.977620
0.368744
-2.709164
-0.948825
-0.129800
1.662697
0.494979
-4.610168
-3.153631
-2.070853
-0.699051
-2.987092
-2.250366
-3.673940
-1.274480
-1.076280
-0.517800
-0.860313
-3.684909
-2.033111
1.004541
-4.883745
0.813389
-3.511594
1.053931
-0.761508
-0.692031
-0.074687
-3.709927
-1.875970
1.237967
-3.612419
-1.589530
-3.642521
-2.843686
-0.482511
1.696530
-1.625510
-0.127057
2.658026
-0.460750
-2.914617
-1.329590
-2.360937
-3.348673
1.101216
-1.885900
-1.944175
-0.036034
1.849290
-5.210704
-2.017542
0.438181
-1.463004
-3.571036
1.490560
0.660359
0.150688
-0.969091
-2.579256
0.464494
-2.684513
0.998088
-1.541078
-0.143721
-0.188047
-4.965415
-3.694488
1.365991
-2.036887
-2.132568
-5.180785
-1.444705
-1.816301
-2.982132
-4.673220
-1.599069
1.690540
-0.592542
-4.507297
0.700211
-0.758490
-0.743220
-2.279949
-3.475890
-1.958687
-1.231296
-6.209561
2.060636
-0.704572
0.343155
-1.570271
0.156397
-1.323075
-2.739873
-2.559285
-3.288223
1.675254
-2.772650
-4.481837
-0.454912
-2.371827
0.342537
1.085054
-1.217621
-2.676879
-2.089077
-2.817594
-4.061024
-3.056742
-6.648354
-3.766949
0.275807
-4.701874
-1.250658
1.953505
-1.132104
-2.076027
-0.669576
-4.647347
-1.707541
-2.492895
-4.405807
-1.521767
-2.160571
-0.782687
-4.264490
-3.962968
-3.023881
-2.066617
-2.940578
-2.601375
-4.541359
-1.851813
-1.582201
-0.298244
-1.647882
-4.220806
-3.162981
-5.780533
-3.774521
0.647295
-2.349353
-2.309598
0.535192
-2.092242
1.460554
-2.747440
1.316293
-4.246211
-2.220314
0.859997
-2.849287
-1.540874
-0.044015
-3.327124
-0.624781
0.649298
-1.334229
-9.077646
-1.390629
-2.710081
0.518444
-3.382018
-2.593957
-2.139598
-3.877705
-2.552504
-4.774695
-1.156461
-2.304158
-2.371907
-1.400634
-1.318495
-2.814355
-2.502113
-2.366920
3.029848
0.772170
0.005553
-0.871791
-1.140165
1.655471
-0.633048
2.589086
-0.831977
-1.139498
-1.667394
-4.527743
-2.744213
-1.723583
-3.178334
-0.735943
-0.082443
-2.533733
-3.910459
-3.087967
-6.314276
-0.274140
-2.305619
0.892037
-2.725974
-2.000905
-2.329515
-3.007463
-2.763547
1.382472
1.557169
-2.744150
-0.069637
-4.501039
-1.103578
-1.325123
-1.232137
-4.295497
-2.448867
-4.229118
-4.243307
-1.707635
-1.999333
-0.273346
0.170681
-4.418990
-3.567381
-3.128268
-1.833092
-6.172796
-2.989909
-1.518341
-0.967489
0.035252
-3.086690
-3.798069
-3.945773
-1.129727
0.997208
-1.992796
0.383069
-2.811296
-2.359366
-4.255249
-2.157676
-1.477934
-4.714975
-0.670400
-2.772169
-4.389139
-1.136278
-1.833711
-1.497755
2.161142
-5.805634
-1.201367
-1.985615
-1.130671
-0.661544
-4.021993
-2.547282
-2.088132
-0.421329
-2.696389
0.120636
-2.873087
-1.746627
-2.757209
-1.095225
-1.114622
0.745572
0.002383
-4.007335
-0.523449
-2.331488
-4.181399
-2.417329
-4.315187
-1.858519
0.508618
-0.829110
-1.263933
-6.312202
-0.824551
-2.656627
-1.756847
-1.763622
-0.268681
1.303441
-3.569924
-3.281801
-2.785707
0.467425
-2.947537
-2.943289
-0.378391
-0.117590
-1.411077
-1.041686
0.689557
-1.053602
1.383248
-0.688795
0.316369
0.616615
-1.151776
-1.736701
-0.800187
-2.927088
-2.033422
-1.142421
-4.290743
-1.596257
-2.723419
-2.462334
1.622367
3.480937
-4.417403
-3.866835
-1.785116
0.450978
-2.905383
-1.119146
-0.569872
-0.168791
-4.547571
-0.581056
-1.139678
-1.661925
-1.752757
-2.833113
-1.542397
1.970437
-2.041345
-1.106952
-2.558782
0.809762
-1.789153
-3.358664
-1.186236
-5.616857
-3.032622
-0.196498
-4.479739
0.360543
-1.598851
-5.607635
-2.201973
-1.893623
-0.633411
-1.116917
-4.216580
1.863369
-3.126448
1.245874
-2.373049
-2.294066
-0.614058
0.760928
-1.311409
-0.678728
0.154559
-4.753012
-0.591460
-3.765160
-2.009944
-2.118274
-0.768356
-5.159013
-0.594565
-1.426274
-0.947938
-4.598390
-3.613230
-3.629761
-2.156020
-2.745405
3.047813
-6.057917
-3.170083
-1.641000
-1.079668
1.406073
-3.248902
-1.812185
-0.681364
-0.259632
-0.789527
-2.440276
-2.119795
-2.221742
-3.137697
-4.269519
-1.201243
1.639906
-0.292574
-0.989865
-1.627521
-4.182435
-3.458896
-2.218909
-1.423381
-3.771843
-2.024052
-5.402132
-3.426010
-1.940150
-0.838087
2.181436
-0.600439
-2.090447
-2.145184
-3.000856
1.128635
2.688737
-3.150330
-4.203890
-3.639813
-0.092256
-2.595179
-1.616331
-2.852818
0.168972
-0.892761
2.261682
0.045109
-4.727288
-5.835628
-3.873672
-0.679891
-1.274418
-0.032062
0.321948
-0.871573
-2.688432
-5.933218
-2.511447
-3.680808
-3.626152
0.811430
-2.279314
-2.560941
-1.208160
-1.843002
-1.246347
-0.446671
-2.783919
1.505977
-3.552652
-0.482187
-2.118590
-1.390063
-2.565850
-1.423740
-0.651498
-1.266365
-3.929121
-1.699151
-1.328122
-3.376558
-2.623439
-1.267493
-4.165281
-4.372855
-1.101427
-2.152972
-4.020201
-2.112258
-0.479086
-0.704034
-0.799492
-2.033798
-2.726231
-0.705738
-1.021358
-5.148740
-1.846875
0.570710
-2.320459
-4.271496
-2.830806
-1.199025
-4.380877
-0.470428
-0.934273
-1.838095
-0.128179
-6.185858
-0.171415
-0.796176
-1.753956
-2.833429
-2.496407
-1.328963
-2.081012
-4.627974
-3.036460
-2.155393
-2.417165
-2.462484
-2.336166
-0.938561
-1.191277
-3.072736
-1.061627
-0.759290
-5.859520
-0.634165
-3.558380
-2.581850
-1.922214
-1.337095
-0.992768
-1.835695
-1.752308
-2.750049
-4.107312
-3.497997
0.761927
-0.446816
-1.457421
-2.956199
-0.802052
-1.894207
-3.572766
-1.320533
-5.620018
-3.470559
-1.914110
-1.991704
-2.731666
-2.343870
-2.349619
1.177332
-2.266684
-3.314335
-2.504175
-2.302829
-0.098282
-2.980613
-4.641866
-4.438834
-1.350321
-4.385162
-3.565668
-1.178728
-3.685639
-2.447232
0.387336
-2.077142
-3.083735
-1.473655
-3.220757
-6.379876
-0.635994
-1.995122
-1.419526
-1.440764
-1.103502
-1.381027
-1.793449
1.982222
-0.790616
-2.521722
0.432955
-0.952910
-2.054390
-7.020959
-0.645024
-2.481477
-2.270688
-1.269866
-3.880731
-3.109546
-4.675395
-0.086435
-2.594126
-2.445910
-2.760517
1.388239
-1.154756
0.437885
-2.632220
-4.777457
-3.728867
-2.369898
-0.971580
-2.905806
-1.810403
-0.963832
-2.007113
-4.479521
-3.315136
1.325725
-0.105448
-2.820399
-1.969666
-2.157105
-0.197444
-2.872624
1.632930
-3.388814
-0.096763
-0.997956
-0.108741
-2.155125
-2.540420
-2.378887
-2.977218
-3.307128
-1.842622
-2.714774
-2.557543
-2.046952
-0.247863
-2.114865
-0.657582
-1.835434
-2.131329
0.019809
-2.839303
-1.245209
-2.918062
-3.067124
0.247280
0.089914
-1.457379
1.826825
0.049619
-1.300653
-0.284518
-3.030575
-2.037824
-4.265883
-1.966841
-1.077880
-3.640615
-3.059158
-2.417881
-0.229816
-1.223763
-1.504031
-1.818991
1.431960
-1.229327
-2.844530
-1.712466
-4.969504
-2.056126
-0.050893
-3.848500
1.282253
-0.275823
0.247149
-3.301592
-2.405308
-4.179081
-1.442894
-3.217762
-0.921604
-0.816711
-2.514075
-4.531902
-2.635528
-3.776508
-3.299089
-3.393770
-3.788494
-5.462303
-2.941518
-0.688409
-7.904144
-0.321108
-2.667448
-2.733409
-2.591492
-2.487349
-1.066524
0.123865
-1.958403
-4.766357
-0.535178
-4.275421
0.135951
-2.275008
-4.906777
-3.146664
-2.546309
-2.460760
-4.621921
-0.012805
-1.148105
-4.134764
-2.144925
-2.972532
0.615098
-0.712417
-3.336709
-2.749800
-4.407444
-3.741612
-2.411678
-2.375935
-4.569909
-1.342654
0.466863
-4.900646
-3.552967
-0.672881
-2.665824
-1.189247
-3.517039
0.446530
-1.940448
-6.395748
-3.928018
-1.386241
-1.264992
-0.563695
-2.990664
-4.658539
-0.693828
-0.395199
-1.636142
-1.734509
-4.214529
-0.154823
-0.677173
-1.432948
-2.752992
-1.815790
-3.958760
-1.114968
-4.597178
-4.858765
-3.073732
-4.415074
2.117208
-3.179751
0.649138
-1.295855
0.952650
1.369031
-2.770413
1.436865
-4.834460
-3.343750
1.414852
-3.805286
-2.484363
-2.959833
-5.612718
-0.306895
-0.914984
-1.549655
0.063208
-3.543788
-3.854782
-1.569422
-1.115228
-1.295728
-3.778823
-2.293935
-1.669166
-0.346537
-3.158585
-2.263225
-1.056919
-2.688638
-1.433104
-1.792932
-1.010918
-5.316201
-3.796525
-1.033663
-2.506463
-1.770148
-3.880234
0.443580
-3.130406
-2.568565
-3.177729
-5.461451
-3.249802
-2.910002
-3.024328
-2.788973
-2.966403
-0.356259
-3.760838
-3.432716
-3.750792
-1.965171
-1.496858
-1.995661
0.261598
-0.307460
1.323360
-2.718220
-3.262617
-2.017737
-3.121901
-3.153606
-5.649263
-2.436066
-3.957182
-0.541202
2.196244
-3.223052
-2.289833
-2.271281
-4.497324
-4.301968
-4.491796
1.638857
-2.980382
-2.984706
-2.130800
-2.985841
0.689598
-2.695420
-1.571097
-2.736237
-1.992786
-2.198616
-3.647249
-5.948169
-3.767752
-1.207592
-1.424057
-0.792448
-2.271300
-7.656928
-4.619516
-4.152133
-1.582389
-4.665708
-2.405687
-2.255501
-3.055585
-1.259440
-6.704599
-2.053077
-1.480342
-2.978695
-2.184407
-3.502679
-3.027519
0.024745
-1.815538
-2.958766
-5.297344
0.258796
0.802820
-3.414030
-1.551857
-3.862442
0.450814
-1.780361
-2.782398
1.461594
-4.532532
-3.653829
-2.610379
-2.792856
-1.449111
-1.813299
-1.948574
-1.911654
-0.171534
-2.152052
-3.333969
-1.039310
-1.988387
0.176941
0.487116
-2.318306
0.165578
-2.888561
-3.946980
-2.539555
-2.941961
-5.355566
-2.858724
-4.672046
-0.894883
-3.423992
-4.190053
2.722098
-2.861060
-0.664077
-3.511165
-1.834462
-0.647110
-4.344934
-2.830448
-3.991202
-3.950660
-1.597164
0.741862
-2.097444
-2.917315
-3.109322
-3.766130
-0.650122
-1.015337
0.904809
-1.279774
-0.786326
-7.032790
-3.782669
-3.357644
-3.458817
-1.081019
-3.189945
-4.995085
-3.892809
-2.560961
-1.324395
0.171623
-1.436406
-4.011808
-6.557329
-6.564021
-1.196746
-2.415693
0.287875
-0.795700
-3.526320
-3.360298
-1.596522
-1.962694
-4.094258
-2.630672
-1.909040
-2.469146
-1.484904
-2.954134
-3.836488
-2.721968
-2.166551
-5.101879
-4.366062
-3.103304
-2.529042
-1.035185
-1.878809
-3.906811
-1.756575
-1.326514
-1.800742
-4.526999
-3.849401
-5.339581
-2.379604
-1.841511
-2.676750
-1.791239
-2.107530
-2.085795
-0.393661
-1.054697
-2.401333
-2.861207
-3.674810
-2.534442
-4.637660
-3.394053
-3.779011
-0.687678
-1.140025
-1.511000
-2.426838
-3.245448
-2.524986
-1.306568
-3.622311
-3.861163
-3.202398
-1.263634
2.094429
-3.385449
-2.114327
-2.983507
-2.317748
-5.235521
0.864080
-1.566068
-5.017030
-1.730376
-7.122081
-2.056761
-3.327536
-2.711955
0.274747
-3.391440
-2.571870
-0.847141
-1.594211
-4.021949
-3.323143
-4.855621
-3.989108
-0.845095
1.566050
-2.656605
-2.670298
-3.170804
-5.918258
-3.032513
-2.066487
-0.635956
-4.209201
-1.719687
-1.354041
0.084314
-1.380796
-5.745537
-3.656953
-6.694265
-3.376813
-4.581379
-0.629692
0.070500
-2.779527
-4.134879
-4.284929
-1.708552
-2.520904
-0.338298
-5.986225
-0.781927
-0.334006
-1.361026
-3.944973
-5.329637
-0.964235
-0.066303
-2.090674
-5.934461
-0.202959
-3.373676
-1.328496
-2.104431
-0.802760
-1.995193
-1.517462
-3.753550
-1.996882
-3.270082
1.105549
-4.113922
-2.460740
-3.956958
-4.545755
-3.939157
-2.479568
-4.087090
-1.784762
-2.768420
-2.885442
-3.569438
-0.902714
-1.655764
-4.378336
-2.071415
-2.497427
-3.262162
-2.327108
0.600229
-4.160120
-1.089362
-2.522358
0.783737
-1.556690
-1.733755
-4.120818
2.626717
-1.790521
-1.478171
-1.493937
0.916530
-5.846850
-3.613917
0.444491
-1.350468
-3.940206
-5.064815
-1.917931
-4.731977
-2.738876
0.268546
-3.696872
-2.922868
-2.381623
1.188877
-2.504563
-6.967813
-4.138708
-1.382747
-3.158959
-5.409715
-2.831648
-2.643421
-4.365758
0.152249
-4.137030
-3.180660
-3.199450
-3.469425
-3.615586
-2.996068
-0.692338
-1.337302
-1.584219
-2.618001
-1.809762
-3.453713
0.103150
-0.857261
-4.173310
-2.726662
-3.298184
-4.038803
-1.324931
-3.158256
-3.000933
-2.055490
-1.962029
-1.488612
-3.701017
-0.997165
-1.836905
0.822229
-0.032162
-6.251503
-3.017668
-5.895670
-5.254174
0.482368
-3.857471
-3.597451
-3.650977
-3.364001
-1.805569
-6.117216
-6.981637
-1.965411
-3.554732
-3.166364
-7.101390
-3.016824
-3.491293
-4.395384
-2.276758
-5.160136
-4.022986
-4.510715
-1.612646
-1.664241
-3.333648
-5.060179
-5.890919
-3.262202
-3.942766
3.645777
-4.239981
0.377299
-0.717811
-3.570453
-0.908020
-1.187942
-1.302794
-1.368413
-0.176301
-3.016043
-2.840449
-7.126638
-3.808654
-1.210525
-2.887150
-1.635226
-2.069426
-0.269730
-3.084133
-6.253365
-1.551810
-0.829448
-2.977489
-1.187081
-2.510302
-0.158185
-1.218820
-2.049250
-4.702718
-2.562225
-3.039763
-4.959030
-3.541246
-4.087201
-2.326928
-2.258494
-2.510962
-1.760624
-3.620230
-2.078469
-6.172318
-4.222500
-2.945390
-5.689569
-3.931555
-2.416540
-1.619485
-2.346509
-2.020579
-5.453098
-1.405776
-1.014344
-5.602951
-4.878525
-5.751877
0.103456
-2.049039
-2.948219
-1.559660
-4.598358
-5.241936
-3.902766
-3.579716
-1.971530
-1.808062
-1.823660
-2.015632
-1.343212
-0.571861
-1.675644
-3.155396
-2.377405
-2.002778
-3.066621
-0.925097
-1.505591
-2.203830
-2.673114
-3.759860
-6.071268
-3.248561
-3.556613
-0.451093
-0.871678
-3.721135
-2.192799
-2.708878
-1.976901
-3.006917
-1.435389
-3.361200
-3.209984
-2.570437
-1.111706
-1.136537
-1.882783
-2.921206
-4.770872
-5.109446
-3.243443
-5.906183
-2.453111
-4.174131
-2.054585
-4.613387
-2.038545
-2.250853
-2.080279
-2.166493
-2.207021
-7.094517
-2.982876
-4.147882
-2.216139
-4.579131
-1.721718
-0.428346
-4.440485
-5.397604
-2.718931
-3.922568
0.415939
-2.689662
-2.414297
-1.746855
-3.875386
-3.725955
-1.454247
-3.501196
-6.132028
-3.527575
-4.742581
-0.764298
-6.370322
-0.857329
-5.494562
-7.148056
-4.582976
-5.020630
-1.443532
-2.063373
0.179250
-3.165156
-2.218565
-2.909252
-2.143603
-5.775241
1.237966
-2.485505
-1.149115
-2.215569
0.813406
-3.637662
-3.585121
-2.147845
-2.737114
-4.755239
-4.615902
-3.962526
-2.589596
-3.792707
-0.692322
-4.937449
-1.534056
-4.497968
-1.363224
-2.947607
-4.637554
-2.211385
-1.422478
-4.576447
-5.693438
-2.322680
-0.457202
-0.159517
-1.016822
-4.799493
-5.795390
-2.512394
0.475554
-5.447447
-3.950770
-0.359386
-2.168684
-1.349312
-3.627510
-2.119449
-4.059524
-4.519092
-3.302720
-3.377135
-2.971453
-5.467890
-0.501571
-2.265982
-2.554936
-3.116715
-2.154032
-2.837889
-0.854043
-5.711873
-5.141413
-0.701227
-4.450663
-0.197579
-3.550074
-2.471292
-0.592458
-4.450230
-2.142092
-3.917937
-4.015676
-3.713105
-2.964173
-4.308180
-3.812182
-2.903763
-1.176410
-1.552113
-2.909808
0.167544
-2.454229
-3.209173
-1.116914
-5.822793
-1.729252
-3.075856
-4.087663
-3.430969
-0.628071
-5.398370
-4.753948
-1.927976
-1.914048
-4.771019
-0.255646
-2.776384
-4.109449
-3.026771
-4.295866
0.004799
-4.197324
-2.400934
-3.390208
-2.870404
-5.184889
-4.872838
-4.657879
-4.477159
-3.323995
-2.536409
-0.066353
-5.522154
-4.091640
-2.144696
-3.206355
-5.952196
-3.615143
-3.221009
-3.649517
-3.874500
-3.443007
-3.361422
-2.938887
-4.410912
-5.198610
-3.206581
-0.772799
-4.033596
-2.878234
-1.717182
-4.173948
-1.416167
-4.128383
-4.900443
-2.760569
-4.677600
0.045747
-1.689457
-3.948902
-2.757717
-4.745987
-4.911694
-4.792754
-3.130606
-3.484298
-0.414282
-2.226353
0.229702
-1.561902
-3.587310
-4.167411
-2.627222
-2.179673
-3.074535
-3.043855
-3.517046
-3.926935
-1.518927
-0.680166
-2.737677
-2.237875
-4.919077
-4.004134
-0.419419
-1.257130
-2.775170
-3.111882
-1.945488
-6.142988
-3.967085
-3.479563
-1.840573
-3.071550
-1.633454
-3.732406
-4.245063
-3.300663
-2.870243
-1.575862
-3.643111
-5.444354
-5.068120
-3.809071
-4.674271
-1.253357
-0.967263
-6.166596
-3.781846
-4.202544
-2.491220
-2.486845
-2.759591
-3.680501
-4.078730
-2.900079
-3.689855
-2.783957
-3.592653
-4.361795
-4.393988
-2.557971
-3.939573
-2.991677
-2.570310
-5.890288
-3.440969
-2.133438
-2.678919
-3.732397
-3.129692
-0.967932
-3.992077
-3.373698
-3.085317
-1.285279
-5.379716
-3.767783
-1.938200
-3.986990
-3.691294
-1.045328
-4.451473
-7.004362
-6.015832
-2.501495
-4.467039
0.618128
-5.834952
-4.840809
-7.171142
-0.480683
-3.290692
-3.209111
-6.336029
-5.812383
-1.640700
-0.901073
-4.308662
-1.572537
-1.195887
-2.191914
-0.172622
-3.147050
-3.051727
-1.569922
-3.979181
-5.048813
-2.936105
-0.733440
-4.296794
-2.977668
-4.011998
-2.160727
0.698622
-4.253276
-3.884993
-3.118717
-7.246539
-4.493394
-2.229456
-3.258425
-5.115575
-4.588854
-3.470181
-2.971851
-1.556823
-4.182435
-1.984869
-4.602259
-3.508656
-1.967080
-3.371991
-4.358429
-2.756401
-3.320424
-2.802710
-4.924662
-4.329986
-3.552060
-2.464096
-4.771451
-6.399192
-4.409060
-2.434229
-4.987694
-2.555264
-0.726692
-2.302392
-3.057217
-3.343082
-2.123912
-1.292104
-4.509301
-3.682146
-2.919391
-5.435048
-3.262074
0.165856
-2.251435
-2.100266
-3.677736
-2.824085
-3.126360
-1.985602
-1.168910
-2.543406
-3.157062
-2.237900
-0.962266
-3.182699
-5.369045
-3.905041
-3.917700
-4.366226
-1.541660
-1.717644
-3.059283
-3.660461
-2.947073
-2.499657
-2.842475
-3.741053
-3.239595
-2.704684
-2.449615
-5.243209
-3.076443
-1.218157
-0.794893
-2.694058
-4.747981
-1.535689
-2.986843
-2.970007
-5.326204
-7.546822
-4.515411
-6.258237
-4.429782
-5.192698
-4.432839
-3.895400
-4.963539
-3.453038
-3.418401
-3.756077
-4.123087
-4.070041
-3.731632
-3.555458
-2.464319
-2.015459
-1.394254
-6.850326
-2.539066
-3.175119
-5.708364
-2.517877
-6.270246
-3.186917
0.156755
-3.216750
-2.940836
-3.644697
-1.270234
-2.735551
-3.900963
-2.967957
-3.358879
-2.697800
-5.781348
-5.012017
-1.524927
-4.400269
-5.158065
-1.073896
-2.714190
-2.732709
-0.838911
-3.262796
-3.392447
-3.846846
-5.939301
-4.520257
-3.525098
-0.444214
-1.255569
-1.853435
-0.004692
-5.373880
-3.808998
-5.460428
-4.920524
-2.966613
-0.754636
-5.073320
-4.174619
-5.518250
-1.778246
-3.381716
-4.653442
-2.785014
-3.446367
-0.486218
-2.316922
-3.948639
-3.957364
-6.244897
-4.388496
-3.640200
-3.444266
-2.902092
-3.313769
-5.589363
-3.321471
-4.391900
-2.717222
-4.354020
-3.907068
-3.859063
-2.857015
-4.815499
-2.149252
-0.859460
-3.688303
-2.813357
-2.584133
-5.056211
-3.030357
-3.672432
-3.268599
-3.052687
-5.229827
-2.282670
-2.767560
-2.317499
-7.617373
-3.045249
-1.436923
-3.421752
-4.675016
-2.902308
-0.639914
-5.257052
-4.548660
-1.770195
-1.974328
-3.823636
-3.419494
-4.043751
-6.994000
-3.166966
-5.572897
-4.409196
-2.536436
-2.881091
-4.560811
-4.722305
-2.756515
0.421021
-2.651010
-4.960323
-3.048975
-4.523413
-3.713412
-4.106188
-4.351981
-2.960739
-3.055610
-3.581814
-3.850598
-3.691706
-1.915944
-6.625485
-4.444889
-7.265030
-3.472264
-2.708817
-4.261154
-5.714810
-5.073011
-4.947680
-3.866026
-0.779310
-4.336481
-2.661936
-3.202907
-2.806462
-3.371235
-5.291918
-7.004541
-4.359965
-2.068607
-2.279173
-6.012865
-4.604672
-4.341763
-3.697024
-5.241177
-3.936666
-5.200835
-3.012663
-2.714640
-4.026648
-2.446585
0.782640
-1.670850
-3.862105
-3.386142
-4.902033
-5.943830
-4.311709
-4.274858
-4.081174
-5.310346
-1.861223
-0.967324
-1.869241
-5.073161
-2.293950
-5.250438
-4.110235
-3.626423
-4.839791
-2.479254
-4.354974
-2.783253
-3.375031
-4.435643
-6.112367
-4.376925
-4.978174
-4.711699
-4.421150
-2.856690
-6.244647
-1.679098
-5.273292
-2.590084
-6.120383
-4.829839
-0.951764
-5.725608
-3.553247
-4.260880
-4.166878
-4.835535
-4.578229
-4.638527
-2.320723
-4.102523
-2.754614
-2.468600
-3.211087
-5.190819
-5.454007
-4.517406
-6.045191
-5.838241
-4.643674
-2.006993
-4.073447
-3.043873
-4.140485
-4.942209
-4.129400
-3.325061
-4.448150
-3.885269
-4.465159
-2.694793
-3.033610
-4.602883
-5.562252
-3.884603
-4.618083
-4.635545
-2.054268
-4.627246
-0.677146
-4.346864
-1.736391
-4.407596
-3.799053
-4.386473
-4.427391
-4.062247
-4.912925
-4.179214
-6.043769
-5.204266
-3.013869
-1.450007
-4.380232
-3.763597
-7.722825
-3.369342
-3.891800
-4.596297
-6.092824
-4.166645
-2.698622
-4.015630
-2.326714
-3.271788
-1.828137
-8.007524
-2.404969
-5.122287
-2.030803
-4.500875
-2.892519
-4.043433
-3.714033
-4.278206
-4.666066
-4.232637
-2.586399
-2.992657
-2.144522
-2.125595
-2.346586
-1.328123
-3.844236
-3.642385
-5.405139
-3.774664
-3.109767
-5.239392
-2.780265
-3.710416
-3.679579
-3.805194
-2.973436
-1.964573
-3.676790
-3.743987
-3.339382
-3.744746
0.241707
-3.257197
-4.125355
-2.592719
-7.888938
-6.220232
-3.407471
-2.784606
-4.182953
-0.400975
-2.553451
-4.201530
-4.245659
-4.242166
-4.788150
-3.418130
-0.447346
-4.396206
0.501648
-3.626600
-4.959048
-4.178834
-4.201905
-4.974650
-4.188382
-4.718270
-3.685179
-3.906940
-3.265320
-3.705207
-2.000720
-6.811413
-4.850047
-2.959786
-4.697388
-3.737006
-3.675971
-7.067822
-4.913452
-1.278832
-5.241417
-4.640289
-4.653104
-4.629365
-2.679808
-3.002888
-0.856956
-2.650928
-4.281409
-4.132651
-5.928670
-0.799326
-4.428021
-3.228466
-4.215572
0.024710
-2.947374
-3.689310
-1.568710
-2.868593
-0.041130
-3.190220
-3.748636
-5.271492
-3.141073
-3.855807
-3.572210
-5.290876
-3.023462
-3.920139
-3.874109
-4.295047
-3.155736
-2.902489
-4.079258
-6.124564
-3.370083
-4.211888
-1.752569
-2.758955
-3.912499
-3.838825
-6.206452
-5.823331
-2.706790
-2.289371
-5.226208
-3.988554
-3.873795
-3.258172
-3.349384
-2.816755
-2.766749
-3.636561
-3.717453
-5.012915
-5.060689
-0.442735
-3.525226
-3.716442
-2.552787
-3.901354
-4.927936
0.807637
-3.295384
-6.070882
-4.457329
-2.577613
-4.098338
-5.241106
-2.684000
-2.815461
1.168613
-4.217663
-2.013371
-2.744045
-4.269987
-3.666683
-1.406332
-3.969929
-2.723794
-4.053275
-5.373138
-2.801074
-4.112088
-3.118414
-0.864892
-2.801092
-4.999928
-3.078825
-4.084880
-2.808070
-4.770621
-3.316948
-3.901282
-5.021499
-2.665739
-5.867764
-3.598407
-1.679636
-3.427632
-3.050714
-5.211133
-1.207927
-2.617281
-0.887931
-2.545557
-2.872076
-3.541126
-6.660804
-4.551762
-5.872072
-3.521984
-5.161111
-2.360170
-2.345879
-2.542699
-4.495310
-3.113667
-2.542534
-2.220696
-4.636179
-5.465653
-1.576901
-4.597838
-3.612877
-3.978399
-3.393111
-3.884058
-1.472178
-1.843322
-1.873089
-4.674829
-3.294366
-2.001825
-4.455631
-2.273773
-1.767258
-2.673189
-3.692245
-3.761472
-4.440140
-3.587417
-4.423191
-3.161800
-3.046939
-3.512857
-4.002680
-4.543713
-1.932242
-4.110721
-4.011712
-0.852914
-4.428069
-2.272762
-3.155502
-4.782886
-4.190702
-4.334579
-2.512497
-6.626425
-2.330864
-4.925364
-1.918313
-1.714290
-4.676784
-4.717060
-3.914917
-1.821665
-4.712453
-5.582058
-1.665097
-1.951581
-4.304408
-2.801510
-6.169792
-3.130919
-2.947707
-4.690103
-5.307277
-4.220924
-6.073448
-0.981132
-3.014775
-5.236135
-4.913074
-4.451765
-3.643248
-0.420705
-5.769570
-3.478651
-5.706943
-3.108100
1.838438
-4.312287
-3.790727
-1.945835
-1.490132
-3.262435
-4.001889
-2.536063
-4.452665
-3.887208
-4.140754
-1.835648
-2.783592
-4.087734
-1.534403
-3.709153
-4.644935
-4.472689
-3.225341
-4.295816
-2.733215
-4.337088
-3.029239
-4.272212
-3.501312
-3.229954
-2.462309
-5.144767
-1.963033
-2.675484
-1.949062
-1.634943
-3.682942
-3.488108
-2.068648
-4.128809
-1.098224
-3.379107
-3.134078
-3.940734
-5.326432
-5.683702
-6.793885
-4.314740
-4.075802
-4.573785
-4.809733
-0.763495
-4.232210
-3.128192
-2.025050
-2.443921
-1.704669
-5.921267
-5.180247
-4.829982
-2.234575
-2.254031
-2.812529
-3.581459
-4.056106
-1.654240
-2.885653
-3.591558
-2.398196
-4.545522
-0.597296
-3.954929
-3.537105
-1.959220
-4.732296
-3.609585
-4.023267
-3.176764
-3.380137
-2.013356
-1.581589
-1.183191
-3.474774
-1.612016
-0.525929
-1.491636
-2.141245
-4.073989
-1.606040
-0.355035
-3.424998
-3.903242
-3.718553
-1.991205
-6.168071
-3.186570
-4.773681
-5.558283
-3.955937
-4.531969
-3.716024
-2.876596
-2.950287
-3.082539
-2.406451
-3.488653
-2.514357
-3.313381
-4.122272
-2.436573
-4.296041
-3.419559
-3.195736
-4.107049
-2.885720
-2.638114
-4.482756
-1.622976
-1.092911
-3.297664
-2.762099
-0.440945
-2.749424
-3.967299
-2.484586
-5.478059
-1.664484
-0.546215
-5.020840
-5.050332
-5.547434
-3.561397
-5.336680
-2.042709
-4.806441
-1.957967
-3.639388
-0.659725
-0.335972
-3.407465
-0.940916
-1.861813
-3.169507
-3.275538
-1.786840
-1.772002
-3.436495
-2.316313
-1.195190
-1.980591
-1.697635
-5.151766
-4.198208
-3.369744
-3.394486
-5.904757
-4.954742
-3.896447
-4.903264
-5.334734
-2.094507
-5.769623
-2.472197
-3.395233
-3.508925
-1.374012
-0.755547
-4.146540
-3.227465
-2.001604
-4.998213
-3.773520
-1.564757
-0.859083
-1.870466
-2.046636
-2.981052
-3.183220
-4.101584
-5.089160
-2.574932
-1.587263
-4.247269
-2.939497
-2.131251
-2.948890
-5.504602
-2.418809
-2.922773
-2.654587
-4.024014
-3.986379
-2.153170
-4.093579
-2.470952
-2.611908
-3.266303
-1.752951
-2.156285
-5.346158
-3.580535
-3.268498
-3.718934
-3.132459
-4.615213
-4.413426
-2.075512
-4.003864
-3.888019
-4.462428
-2.482546
-4.079205
-2.131051
-2.685976
-4.387454
-3.471474
-2.604145
-2.552608
-1.749284
-2.685770
-1.487424
-1.697046
-2.461832
-5.360886
-3.330030
-1.895303
-3.001565
-2.301595
-3.769233
-3.126319
-1.827567
-3.248297
-2.829542
-3.907323
-1.529258
-4.785416
-4.977759
-3.160196
-2.749054
-4.891265
-0.632411
-3.616005
-6.031188
-2.373335
-2.514854
-1.808181
-3.680035
-2.762267
-2.547609
-1.407485
-3.285675
-4.067866
-2.582988
-0.923169
-4.669739
-2.317806
-3.663282
-3.358507
-0.905308
-2.841964
-2.023535
-2.333271
-3.281915
-1.177736
-3.569195
-4.297983
-1.893241
-4.588588
-4.919708
-2.558935
-1.350536
-4.917127
-3.648316
-4.231956
-1.743495
-2.402961
-2.842918
-0.625969
-1.866043
-1.503373
-1.743092
-2.734222
-2.392832
-2.234101
-3.106187
-2.782411
-4.281957
0.267346
-2.475909
-2.833583
-2.558435
-3.428884
-1.375485
-1.263978
-2.564476
-4.318745
-1.721600
-0.592240
-2.394051
-3.620241
-2.962840
-1.972595
-0.660890
-4.566696
-2.082348
-4.461400
-2.932469
-2.200768
-2.740090
-4.371278
-2.975976
-3.489548
-1.581897
-1.529941
-1.758371
-2.374712
-2.395502
-1.670012
-2.575035
-2.089407
-0.822657
-1.831159
-1.982481
-1.685669
-4.026306
-3.240570
-5.472940
-2.921225
-1.522294
-2.625220
-2.989091
-2.153969
-4.082016
0.170352
-3.737220
-1.790434
-1.824998
-1.785614
-2.701706
-3.044708
-1.705650
-2.651943
-2.759575
-2.882446
-2.455212
-1.677138
-2.977149
-1.025118
-3.324207
-2.638846
-2.387703
-1.052835
-2.999922
-2.484912
-0.031548
-3.720738
-1.995662
-1.720720
-2.987148
-2.551953
-3.094263
-1.428401
-0.928499
-1.783555
-1.418616
-1.338793
-1.101876
-1.943320
-2.083064
-1.336744
0.608482
-3.194816
-4.169780
-4.328457
-2.732999
-2.695666
-2.926412
-3.632998
1.922058
-3.476094
-2.602725
-1.389040
-3.593507
-3.544372
-2.548709
-4.659187
-1.703912
-2.702235
-2.151297
-3.539665
-0.708257
-4.628006
-2.948167
-0.722548
-5.295298
-2.849639
-2.707864
-3.154461
-0.143984
-0.897499
-2.076604
-0.436163
-2.125451
-4.410423
-4.134212
-2.384630
-2.481060
-2.364039
-2.816041
-2.727139
-2.961417
-2.229623
-4.815568
-2.705062
-1.634706
-4.903756
-3.403081
-2.125303
-1.695496
-1.633177
-1.504226
-2.954118
-1.496827
-5.229131
-4.513256
-1.592034
-2.863044
-3.195046
-0.998904
-4.825866
-3.601316
-3.292027
-2.358328
-1.276441
-0.153096
-1.792765
-1.900733
-3.550184
-2.274657
-4.239538
-3.037350
-2.486801
-2.591833
-1.540747
-2.387576
-3.054260
-1.921848
-3.110835
-2.717867
-2.315410
-4.379711
-4.462551
-1.212145
-1.981870
-3.512018
-3.530967
-2.515606
-2.562884
-2.535801
-4.696084
-0.715268
-2.020608
-2.932862
-1.863412
-3.408257
-3.526190
-3.208740
-2.146085
-2.853708
-1.716560
-1.794585
-2.186553
0.218920
-2.245319
-1.573867
-2.344721
-3.077941
-6.352389
-2.671460
-2.230741
-0.583772
-2.527379
-3.771880
-3.041139
-3.004261
-2.354581
-0.788264
-0.178596
-2.980027
-2.430749
-3.075960
-1.598115
-3.374904
-2.148949
-1.500229
-2.278386
-2.065320
-3.475461
-2.353461
-3.139514
-2.910303
-3.496686
-3.327953
-3.370505
-1.798341
-2.530179
-3.252512
-3.560862
-2.052656
-3.243579
-3.339378
-1.409400
-3.047844
-0.559474
-1.286724
-4.190098
-4.903176
-2.390830
-2.066111
-2.940215
-2.597190
-2.776053
-1.827503
-2.988648
-4.705428
-0.707236
-2.861822
-3.994180
-2.754861
0.921212
-2.794092
-2.581434
-1.669518
-1.500655
-5.087688
-0.021277
-0.947308
-2.557071
-2.622032
-2.241346
-3.176795
-3.608659
-3.390279
-3.183283
-2.578934
-2.720427
-2.233346
-2.734462
-0.886727
-1.789673
-2.811813
-2.257522
-1.759632
-4.636176
-1.083127
-1.114779
-1.196316
-3.332881
-1.080731
-2.322459
-2.694553
-2.798295
-1.926876
-2.755625
-3.350813
-2.684452
-2.114068
-1.982836
-1.018494
-2.559930
-3.846535
-2.742658
-3.367924
-1.065865
-0.746103
-2.699226
-3.068277
-4.021628
-2.350451
-1.826496
-1.834729
-1.513716
-2.920872
-1.516438
-2.918427
-2.115686
-2.793309
-2.830163
-3.476513
-3.172839
0.232167
-1.754571
-2.669609
-0.165427
-2.041099
-2.307723
-2.770032
-1.992010
-2.719353
-3.153505
-1.591168
-2.619946
-1.767503
-4.533721
-2.851067
-1.871652
-3.325893
-3.319191
-3.870761
-2.152713
-1.558867
-2.745712
-2.048601
-2.712612
-1.121403
-3.250876
-3.333808
-3.400745
-3.004397
-3.653685
-2.853588
-0.011168
-1.723858
-4.336580
-2.706315
-0.213420
-2.681281
-2.554275
-2.306434
-3.651688
0.613477
-3.445175
-2.444075
-3.779079
-3.197152
-3.192456
-3.672259
-0.699597
-2.547028
-2.415765
-2.648968
-2.750703
-1.730898
-2.895091
0.339734
-2.474608
-1.797701
-2.586575
-0.569500
-1.520386
-1.470773
-3.220310
-3.307703
-4.927474
-2.259219
-2.906252
-3.674751
-3.137260
-1.166079
-2.773175
-0.972375
-1.505474
-3.161889
-2.448771
-0.973631
-2.514218
-3.181211
-0.207888
-2.382630
-1.806994
-3.267858
-2.667659
-3.882068
-2.541921
-0.522153
-0.500656
-0.467081
-0.196578
-4.848438
-3.868878
0.402373
-2.631743
-0.567712
-3.957092
-1.224207
-2.886872
-0.719910
-2.606068
-2.712258
-1.024796
-0.475794
-0.786601
-2.339046
-0.555009
-3.598428
-2.218674
1.406835
-0.940395
-2.786400
-3.208888
-2.922190
-0.802186
-2.513251
-1.061560
-2.852387
-1.973693
-4.709103
-3.207224
0.623788
-1.410428
0.283058
-0.602979
-3.384027
-3.318551
-0.995217
-0.373416
-3.534327
-2.623529
-0.585816
0.812678
-4.366445
-3.208580
-1.335144
-1.458855
0.126015
-1.925485
-3.247310
-0.093338
-0.222070
-0.535587
-0.318426
-3.485845
-3.229506
-3.442099
-2.095828
-2.973395
-2.307706
-2.871147
0.482042
-2.678907
-2.635389
-2.886013
-2.279487
0.797351
-3.935965
-3.505419
0.107013
-2.641798
-3.261565
-1.794966
-3.462921
-3.851789
-2.805358
-2.796871
-2.262540
-3.305267
-3.279589
-0.375186
-0.455484
-2.278999
-3.827257
-3.366611
-1.661741
0.058913
-0.253923
-2.963634
-3.202954
-0.471716
-0.950296
-1.638108
-1.050986
-3.230536
-2.811311
-3.219847
-0.948657
-3.281667
-0.895164
-0.531483
-3.235854
-2.794943
1.068624
-3.144745
-2.445623
-0.562784
-2.475446
-3.144416
-0.973798
-1.524317
-4.357987
-2.731342
-2.017545
-0.630345
-2.058865
-0.827459
-1.862004
-2.446333
-5.363442
-0.514008
-1.595793
-1.904432
-0.192145
-3.052353
-0.888873
-3.431171
2.790766
-0.630579
-2.223811
-1.753478
-1.941162
0.131364
-2.867716
-0.970880
-2.429608
0.441254
-0.320741
-0.274550
-2.486969
-3.235898
-3.432008
-3.224449
-0.522105
-3.289239
-0.522588
-1.504869
-0.785516
-3.375527
-0.500358
-1.057199
-0.947069
-0.694024
-3.081816
-2.765878
-8.513391
-3.462135
-3.374276
-2.830033
-0.933758
-7.413489
-1.256334
-2.140650
-2.953428
-0.541625
-0.466265
-0.846556
-0.437606
-3.311872
-3.290181
-2.978291
-0.543470
-0.228791
-2.979441
-3.112427
-0.424855
-3.258781
-0.274399
-2.789342
-1.773102
-1.070867
-2.602405
-2.371922
-1.729215
-0.007433
-0.360588
-4.510790
-0.499934
-3.450327
-2.376812
-1.134322
-3.488761
-3.991321
-3.294831
-2.560171
-0.980808
-0.212044
-0.305859
-3.043013
-3.587854
-1.016457
-0.445531
-3.410257
-3.320204
-1.029841
-2.079308
-1.206749
-0.468286
-3.346602
-3.171570
-0.620758
0.242647
-3.107078
-0.588373
-0.403743
-0.007192
-1.512364
-0.891536
-0.524772
-1.571359
-1.400769
0.203450
-0.853604
-0.897730
-1.009084
-0.651109
-2.601379
-2.626248
-2.952431
-3.868220
-2.205122
1.204017
-0.249113
1.698653
-1.519252
-0.496205
-2.007686
-1.245632
-0.408333
-1.055001
-0.132318
-0.612012
-3.069285
-0.897856
-0.695495
-0.972816
-2.555264
-0.209403
-1.219527
-0.496163
-1.065473
-3.050827
-1.850288
-0.194948
-0.576307
-2.469897
-0.019006
-2.445538
-0.550518
-0.018842
-0.462924
-0.501429
-1.673043
0.496592
-0.457512
-3.053978
-1.068777
-2.329207
-0.949085
-0.123407
-0.781733
0.598887
-2.891015
-4.392439
-0.511380
-0.357729
-0.473797
-0.929717
-0.574715
-0.498451
-4.039209
-3.166693
-0.933206
-2.716992
0.923125
-2.039439
-2.698406
-0.607201
-2.165560
-1.752195
-0.567761
-1.086838
-0.191869
-0.995129
-0.230908
-0.579692
-0.455148
-0.960576
-0.363816
0.051793
0.838476
-0.341407
-0.496345
-0.318328
-0.455542
-1.197727
-0.826910
-2.715034
-0.546749
-0.542879
-4.036341
-0.522787
-0.496891
-0.607421
-0.474517
-0.374634
-0.495342
-0.478559
-1.234043
-0.537080
-0.112314
-0.603802
-3.013307
-0.253925
1.316644
-2.821002
-0.956020
-0.011581
-0.790634
-0.527227
-0.331033
-0.599639
-2.328311
-3.394685
0.439035
-1.247405
0.100253
-1.247329
-1.931581
-0.218913
-0.577229
-0.485005
-0.815679
-1.031687
-0.302948
0.032629
-3.083979
-1.151258
-0.159255
-0.559016
-0.541990
-1.160110
-0.516503
-0.633198
-1.311583
-3.212695
-2.808255
-0.865214
-0.537954
-0.360600
-0.465055
-0.498094
-0.761821
-0.376518
-1.831098
-2.068916
-0.928338
-1.175373
-0.432669
-0.253063
-0.308661
-0.832705
-0.525199
-1.027272
-0.921925
0.455041
1.608592
-0.556067
-0.336679
-0.758049
-1.000525
-2.041360
-0.450359
-0.551190
-0.520610
-0.910267
-3.053821
-0.260732
1.544929
-0.329772
-0.955317
-0.981483
-0.514763
-0.797003
-3.023883
0.434124
-1.154716
-0.989730
0.015254
-4.254986
-0.957763
-2.009412
0.464177
-2.927981
-1.707638
-0.224643
-0.861477
-0.074131
-1.039653
1.201280
-0.508096
-0.932462
-0.966653
-0.469079
-0.911407
-0.462488
-0.502398
-0.212276
1.251469
-0.178399
-0.521943
0.298186
-0.485679
-0.591167
-3.353551
-3.974065
-1.675409
-0.297447
-0.605878
-1.126703
-0.583846
-2.694806
0.229795
-0.798577
-2.504690
-0.357030
0.029566
-0.914782
-0.904481
-2.809660
0.809108
-0.574913
0.011825
0.552415
0.030998
-1.140558
-0.366821
-0.558522
0.085100
-0.665458
-0.943474
-0.493339
-2.050260
-0.979695
-2.010969
-1.926762
-0.913255
-0.163270
-0.847691
0.404040
-0.543135
-1.937934
-0.544472
-0.168347
-0.801869
-0.691986
-2.799989
0.322667
-0.588387
-0.585490
1.668247
-0.417415
-0.556216
-0.328566
-0.274257
-0.532443
-0.326253
-0.928636
-0.604623
0.075185
-0.034219
-0.232400
-2.963883
-2.599172
-1.455185
-1.215722
-0.174414
-1.128124
-0.011688
-0.595827
-2.283874
-3.018686
-0.915320
-0.550318
0.069881
-0.975122
-1.043205
-1.554271
-0.742398
-0.834524
-0.562398
-1.004379
-0.554375
0.333138
-0.520462
-0.606551
-0.975693
-0.611528
-0.433017
0.078725
1.900948
-1.290616
-0.916196
-0.638485
-0.474837
-0.997134
-0.780955
-0.956700
-0.900261
-0.504554
-0.459155
-4.094665
-0.544537
-2.734975
-0.951149
-0.610419
-0.964128
-0.953835
-0.426352
-0.991692
-0.141199
-0.556937
-0.810481
-0.082343
-2.563996
-0.961110
-3.490100
0.093192
-1.094528
-1.292881
-0.974559
0.942580
-0.587617
-1.306704
-1.161898
-0.285474
1.073399
-0.580994
-0.889520
-2.690019
-0.539833
-0.479445
-0.462054
-0.608243
0.345059
-0.447940
-4.699867
-2.083811
-0.740119
-2.111829
0.364171
-0.590369
-3.983122
-0.150004
-0.646024
-0.485742
-2.503763
-0.584125
-0.995785
-0.083438
-0.318085
-0.628238
-0.931480
-0.563556
-1.616344
-0.961339
-1.603624
-0.631433
-0.332525
-0.636843
-0.973514
-0.921050
-1.009101
-0.561042
-0.622349
0.257611
-0.241893
-0.874959
-0.462533
-0.406471
0.031883
-0.288002
-0.649646
-1.624661
-1.407702
-0.745447
-1.100314
-1.024599
-0.960350
-1.000974
-0.131042
-1.247767
-0.557094
-2.226331
-1.179295
-0.496304
-2.835929
-0.003108
-0.354317
-2.114534
-0.398233
-0.643928
-0.543048
-0.985598
-0.634815
-0.962246
-0.615883
-0.965518
0.265200
-0.751783
1.412230
1.365878
-1.617453
-1.136243
0.193829
-0.617424
-1.988654
-0.557432
-0.349552
-1.275047
-0.775038
1.314822
0.302466
-2.659748
-0.256324
-0.627712
-1.059416
-0.631963
-0.622785
-0.438765
-1.077092
-0.822411
-0.581670
-0.422916
-0.332959
-0.998644
-0.304431
-1.906865
-1.105532
-1.288128
-0.559837
-0.933412
-0.989682
-0.348904
-0.470314
-0.569304
-0.365059
-1.253526
0.176021
-0.617276
-0.982046
0.442202
-0.642006
-0.183205
-0.640998
-1.279825
-0.252762
-1.381527
-0.177033
-0.942086
-0.337699
-1.009472
-0.632800
-0.668944
-1.017122
-1.027917
-0.172584
-0.777780
-0.503460
-0.981331
-0.943324
0.121718
-0.966966
-0.644876
-0.951063
-3.683939
-0.353620
-0.931753
-0.778309
-0.905528
-0.506690
-0.624014
-0.617424
-1.165361
-1.024565
-1.295422
-0.538282
-0.462934
-0.605731
-1.589287
-1.007492
-0.345141
-0.945678
-0.523698
-0.945480
-0.618196
-0.358595
-0.816138
-0.935421
-0.569591
-1.120844
-0.608291
0.269039
-0.985751
-1.340851
-0.674267
-0.523648
-0.984726
-0.380560
-0.351275
-0.211766
-0.871971
-0.397083
-0.662002
-1.276387
0.675855
-0.229954
-0.353160
-0.381704
-0.951480
-0.145936
-0.632303
-0.258500
-0.951474
-0.669227
-1.276821
-0.512486
-0.794941
2.315999
-1.086859
-2.466504
-0.164349
-0.931817
-1.238015
-0.179890
-0.426995
0.039916
-1.315427
-0.133021
-0.952038
-0.971124
-0.590315
-0.646075
-0.474389
-0.506169
-0.727824
-0.978716
-0.334635
0.207429
-0.495965
0.447785
-2.019540
-0.606985
-0.446148
-0.834012
-0.286616
0.012659
-0.662545
0.233159
-0.739392
-1.569849
-0.903720
-0.784707
-2.222240
-1.241020
-0.436388
-0.735038
-0.072391
-0.360654
-0.261242
-1.193442
-2.802413
-2.427025
0.593713
-0.644197
-0.460250
-0.638099
-1.255436
-0.267308
-0.684028
-1.308273
-0.413373
-0.096622
-3.356689
-0.428225
-0.926180
-0.978716
-0.447758
-0.993237
-0.491272
0.626735
-0.391565
-0.644284
-0.469556
-0.141159
-0.429669
-0.957265
-1.086537
-0.974910
-5.399569
-2.157701
-0.261683
1.062640
-1.023223
-0.664129
0.647836
-0.726742
-2.115362
0.352324
-0.679940
-0.568469
0.018548
0.250741
-1.342922
-0.372665
-0.434570
-0.795884
-0.886626
-0.358883
-0.486485
-2.110821
-0.534034
-0.471352
-1.230947
-0.240608
-2.037249
-0.215737
-0.148066
-1.057711
-0.398122
-0.655870
-0.675463
-0.787217
-0.996150
-0.984667
1.182620
-2.215063
-0.690548
-0.615682
-0.606443
-0.912543
-2.044010
-0.289777
2.163124
-0.674191
-0.942086
-0.695869
-0.619960
-0.869493
-0.630041
-0.633946
-0.665245
0.325504
-0.604039
-1.175227
-0.496541
-1.078754
-0.390745
0.198597
-2.092447
-0.184198
-0.989104
-0.762084
-0.341664
-0.971443
0.413059
-1.349255
-0.601636
-0.999289
-0.655927
-1.156627
-0.259184
-0.963630
-1.528257
-1.372467
-2.059339
-0.368220
-0.953023
-0.640616
-1.145317
-0.486283
-0.974505
-0.579509
-1.272979
-0.511117
-0.770239
-0.646463
-0.382244
-0.247515
-0.382989
-0.991254
-1.037532
-0.578869
-0.635151
-1.322970
-0.668922
-1.026360
-0.539061
-0.665010
-0.712075
0.432343
-0.832017
-0.950340
-0.659598
-0.149953
-1.344377
-0.828035
-1.279128
-0.927838
-0.651628
-0.990866
-1.163129
-0.276743
-0.597084
-1.138272
-1.264771
-0.677087
-0.368262
-0.796147
-0.017367
-1.037749
-1.712090
-0.799920
-1.304869
-0.092598
-0.724045
-0.142042
-1.299437
-1.273813
-1.131754
-0.344207
-0.651361
-0.349034
-0.272736
-1.513673
-0.680785
-0.621530
-1.013983
-1.023995
-0.326819
-1.278382
-0.548316
-1.120248
-1.017507
-0.590514
-0.579353
-0.955063
-0.947427
-0.991341
-0.637616
1.111532
1.037219
-0.128547
-2.868393
-0.828137
-0.618919
-0.294519
-0.505560
-2.419168
-0.558689
-0.992026
-0.625586
1.160263
-1.289758
0.522370
-1.146918
-1.136804
-0.941668
-0.831352
0.187328
-1.036155
1.023043
-0.433233
-0.657104
0.037409
-1.070595
-1.156731
-0.813809
0.716611
-0.646080
-0.243161
-0.686222
-0.648117
-2.635117
-0.499965
-0.664821
-0.979461
-1.012995
0.256016
0.165844
-0.753332
-0.917048
-0.191520
-1.291971
-0.667289
-0.858305
-0.409629
-0.524535
-0.653173
-2.587007
-0.594018
-1.131624
-2.313463
-1.089299
-0.967147
-0.238040
-1.251374
-1.025757
-0.625619
-2.148561
-2.477288
-1.267582
-1.287849
-0.357209
-1.110432
-1.125222
-0.103072
-1.124972
-1.258343
-0.653071
-0.602142
-0.879449
-1.277218
-1.278297
-1.791446
-0.969240
-0.956361
-0.669334
-0.989104
-0.165385
-0.644284
-0.993229
-1.003197
-1.282949
-1.307222
-1.013209
-0.974196
-1.275465
-0.314134
-0.310089
-0.681951
-0.982228
-0.579618
-0.685353
-0.675887
-0.790259
-0.028287
-1.150102
-0.783777
-0.646075
-1.115726
-2.294227
-0.494198
-0.664470
-0.682759
0.167326
-0.661969
-0.767263
-1.005004
-0.664044
-0.386314
-1.323828
-1.325282
-0.652802
1.165987
-0.690935
-1.130923
-0.651396
-0.441518
-0.542660
-0.956605
-2.451933
-0.642376
-0.222602
-0.670470
-0.683803
-0.716954
-1.105594
-1.358074
-0.136250
-1.250400
-0.260238
-0.997914
-1.265707
-0.989491
-1.156673
-0.446038
-1.015575
-0.668520
-1.405207
-0.695411
-1.016564
-1.313416
0.111728
-0.686495
-1.007924
-1.007924
-1.274431
-1.023995
0.931219
-1.006333
-0.749150
-1.297644
0.454240
-0.961392
-1.111416
-0.667522
-1.343858
-1.302787
-0.524088
-2.438308
-0.684415
-0.466792
-1.259894
-0.198863
-0.983603
0.202864
-0.638870
-1.010845
-0.678355
0.292600
-0.650852
-0.656292
-1.306608
-1.013209
-0.647731
-1.338561
-0.608586
-0.578759
-0.651250
-0.681597
-1.119326
-0.990478
-1.019484
-0.356418
-0.519983
-0.647568
-1.192512
-0.690935
-1.277337
0.624772
-0.654603
-0.365064
-2.078193
0.706970
-1.064944
0.246294
-0.220696
-1.206281
-0.985366
-1.289758
-0.253030
-0.293552
-0.732481
-0.642508
-0.999673
-0.582630
-1.297981
-0.021763
-0.687304
-1.000276
-0.682407
-1.340432
-0.333174
-0.323323
-0.999289
-0.623035
-0.981456
-1.340064
-0.655840
-0.668910
-1.304415
-1.267837
-0.859635
-1.652872
-0.457886
-0.448205
-0.675042
-1.316980
0.632738
-0.460100
-1.115330
-1.304315
-1.021245
-0.657648
0.016752
-0.366488
-0.682829
-1.276139
-1.001652
-1.021677
-1.046751
-0.844856
-0.693437
0.181542
-1.170270
-0.980598
-1.173066
2.769015
-1.360047
-0.984109
-1.196660
-0.762600
-1.002424
-1.029109
-1.263319
-0.355043
-0.998853
-0.658338
-1.036761
-1.010845
-1.068944
-0.648376
-1.031718
-0.688082
-1.281871
1.458845
-3.167881
-1.003601
-0.370258
-0.971658
-0.704398
-1.265928
-0.664400
-2.489462
-0.325765
-1.008698
-1.024599
-1.297644
-0.630261
-0.777446
-1.014586
-0.656681
-1.331192
-0.668487
0.805562
-1.032583
-0.680785
-0.701542
-0.478654
-0.645685
-0.965422
-1.000060
-1.288508
-1.349255
-1.039680
0.469506
-0.492942
-0.669297
-0.225312
-0.482924
-0.601140
-1.019484
0.475483
-0.534792
-1.340977
-0.682123
-1.046772
-1.256130
-1.117566
-0.420582
-1.298721
-0.981456
-1.321954
-0.185473
-0.694177
-0.502497
-0.687270
-1.023395
-0.446782
-1.342922
-1.009472
-1.019870
-0.372507
-1.070837
-0.757492
-2.480268
-0.685648
-1.350190
0.801009
-1.293161
-0.703198
-1.020690
-0.352965
-0.376906
-0.996606
-0.975183
-0.992627
-0.705209
-0.355266
-1.298062
-0.968606
-0.179140
-0.212915
-1.331711
-0.679551
-1.622834
-0.471367
-0.660769
-0.459361
0.942363
-1.027735
-1.299554
-1.007755
-1.023609
-1.040282
-0.999289
-2.464554
-0.658304
-1.012608
0.120906
-1.010289
-0.628493
-1.353195
-0.247095
-0.691746
-0.708062
-0.540352
-0.764203
-0.998732
-0.703165
-0.798281
-0.627681
-1.292745
-1.326834
-1.028508
-0.690126
1.463975
-1.019096
-0.673386
-0.661233
-0.225828
-1.012775
-0.433940
2.000031
-1.006936
-1.018494
-1.016512
-1.308257
-0.606852
-0.995161
-1.042818
-1.310745
-1.321439
0.039463
-0.961089
-0.449670
-1.288744
-1.311677
-0.385409
-1.325282
-1.030862
-1.297466
-1.265191
-1.022619
-0.635854
-1.499980
-0.271806
-0.995593
-0.404549
-1.027131
-0.680329
-1.002256
-1.042431
-0.992410
-0.702741
-0.827657
-0.667253
-0.112577
-1.023826
-1.018927
-0.996367
-0.378905
-0.621582
-2.460683
-1.027735
-1.027517
-1.297047
-1.021245
0.717420
-0.997357
-1.344992
-0.304205
-1.343341
-1.028560
-0.998686
-2.446723
-1.292070
-1.014369
-1.286182
-0.664434
-0.697491
-0.639907
-1.310013
-0.670531
-0.683254
-2.460235
-0.686846
-1.006937
-0.848079
-0.999890
-0.282933
-1.027517
-0.399082
-0.147339
-1.022837
-0.416423
-0.998902
-0.416012
-1.010845
-1.241219
-0.991468
-0.670918
-1.269086
-1.239942
0.361669
-1.479105
-0.628031
-0.687694
-0.707252
-0.432819
-0.688504
-1.020473
-0.633388
-0.333891
0.903782
-1.294043
-0.432675
-0.179177
-0.676275
-1.029109
1.156070
-0.965214
-1.025983
-1.023609
-0.842406
-1.041658
-1.026360
-1.276310
-1.037921
-1.023007
-1.040453
-1.034180
-0.998686
-2.509606
-1.020473
-1.024211
-0.465407
-0.923901
-0.130105
-1.018109
-0.280752
-0.990093
-1.286675
-0.677474
-0.991254
-1.032803
-0.703976
-0.377572
-2.164321
-0.702741
-1.307739
-0.681173
-0.688504
-0.192401
-0.301608
-1.000276
-1.265510
-1.045955
-0.772975
-0.643608
-1.009903
-1.319985
-1.038305
-0.953296
-1.034782
-1.029667
-0.689281
-0.143604
-0.671341
-1.045497
-0.220748
-1.079135
-0.452716
-0.639670
-0.679129
-1.018711
-0.997357
-0.697843
-1.348318
-0.321323
-0.997857
-1.043775
-2.209826
-0.984423
-0.981067
-1.009084
-1.297552
-1.012823
0.700545
-1.043804
-0.983598
-0.693368
-0.669721
-0.974782
-0.690969
-1.026748
-1.016732
-1.023995
-2.241848
-1.011061
0.174082
-1.031646
-0.695411
-0.301253
0.055803
-1.021461
-0.368284
-1.301407
-0.654215
-0.708062
0.016900
-1.005390
-1.330676
-1.044796
-1.022019
-0.972043
-1.009687
-0.700309
-0.387662
-1.030485
-1.034180
-1.026270
-1.035942
-0.705209
-0.677050
-0.998902
-0.630920
-0.687234
-1.039680
-1.323828
-1.001266
-0.413469
-0.597741
-0.996753
-1.021461
-0.677896
-1.029280
-0.272513
-0.761070
-1.005173
-1.041444
-1.106532
-1.036930
-1.155269
-0.979910
-1.018711
-0.687658
-1.037462
-1.035553
-1.028508
-1.037146
-1.011835
-1.030872
-1.010483
-1.015187
-0.667676
-1.030440
-1.732519
-1.035167
-0.525199
-1.003629
-1.010676
-1.022837
-0.415903
-1.034589
-0.690899
-0.660735
-1.023995
-0.977933
-1.033406
-1.026360
-0.702776
-0.736699
-0.452269
-0.340051
-0.588491
-1.027735
-1.272489
-1.016732
-0.984205
-0.173150
-0.446851
-0.371296
-1.029497
-0.675853
-0.981456
-1.000880
-1.036930
-1.305252
-1.031257
-0.996367
-1.041760
-1.022234
-1.018711
-0.990478
-0.989491
-1.040618
-1.011061
0.021218
-1.006550
-1.331192
-0.869051
-1.350543
-0.193099
-1.040334
-1.007538
-1.139763
-0.686846
-1.025972
-0.708451
-1.012437
-0.647010
0.311668
-0.603016
0.362882
-0.132688
-0.967533
-0.403916
-0.983991
-1.014802
-1.006767
-0.692170
-1.013597
-1.024599
-0.473237
-0.635432
-0.702352
-1.027131
-1.004402
-0.788064
-1.011061
-0.658691
-0.380055
-1.000105
-1.019699
-0.993229
-1.278470
-0.704786
-0.779234
-1.021851
-1.031257
-1.011449
-1.013209
-0.672963
-2.517463
-1.768885
-1.010073
-1.008530
-0.373192
-1.192867
-1.032634
-0.244273
-1.037921
-0.406625
-0.437054
-0.699499
-1.042045
-1.011061
-1.027735
-1.011835
-0.462463
0.389675
-1.022619
-0.700309
-0.996625
-1.044578
-0.351807
-1.025373
-0.681562
-0.715370
-1.021851
-0.993616
-1.008312
-1.045566
-1.013427
-1.035769
-1.032031
-1.022234
-1.003413
-1.010676
-1.033406
-1.023609
-0.694177
-1.021245
-1.269746
-1.037146
-1.025757
-1.015187
-0.709683
-1.016564
-0.425621
-1.046555
-0.688583
-1.042818
-0.983432
-0.460237
-0.766364
-1.035454
-1.046932
-1.012823
0.149109
-1.275232
-1.001266
-1.024599
-1.015144
-1.025983
-1.039680
-1.025373
-0.622747
-1.030655
-2.462994
-1.032634
-1.023223
-1.039680
-0.688046
-1.039680
-0.694211
-0.697031
-1.005321
-1.028122
-1.002038
-0.970500
-1.002641
-1.013427
-1.338561
-1.042341
-1.030270
-1.026360
-1.027131
-1.046068
-0.983819
-1.022450
-0.691746
-0.677862
-1.018109
-0.656155
-1.008698
-1.004789
-1.042818
-1.020086
-0.454445
-1.042045
-1.029428
-1.033020
-0.392543
-1.012437
-0.986570
-0.613327
-0.606886
-1.017721
-0.703165
-1.036156
-1.017553
-1.038907
-2.240399
-1.231241
-1.019699
-0.710105
-1.016347
-0.868721
-1.024985
-1.036156
-0.703976
-1.024767
-0.677862
-1.033792
-1.052962
-1.028508
-1.043804
-1.039293
-1.015575
-1.042341
-0.911413
-1.035167
-0.337610
-0.693368
-1.014413
-0.997743
-1.039293
-1.028122
-1.026748
-1.035739
-1.040066
-1.005004
-0.991254
-1.036156
-0.383803
-0.775325
-0.708062
-1.013642
-1.031646
-0.976773
-0.699466
-1.008914
-1.016951
-0.703553
-0.974408
-1.012053
-1.032031
-1.021461
-1.039293
-1.019699
-1.040668
-1.038521
-1.024599
-1.027735
-1.037462
-0.693368
-1.021461
-1.045955
-1.025972
-0.482699
-1.037532
-1.039680
-3.851918
-1.040066
-0.703165
-1.022619
-1.028122
-0.503968
-1.002165
-0.699466
-1.038305
-1.024985
-0.298563
0.437336
-1.353294
-0.765118
-0.998515
-2.178084
-0.634587
-0.697456
-1.011277
-1.046932
-1.020473
-0.633740
-0.696645
-0.689703
-1.043202
-1.045181
-1.014791
-1.030270
-0.311101
-0.443754
-0.362204
0.076172
-1.020086
-1.020690
-0.699078
-0.617424
-0.997138
-1.325897
-1.041827
-1.038305
-1.018711
-0.703198
-1.036026
-1.041055
-1.031646
-1.047328
-0.418388
-1.024985
-0.703553
-0.998732
-0.395677
-1.013427
-1.031860
-1.016564
-1.027131
-1.010459
-1.011664
-1.025373
-1.013040
-1.034008
-1.037532
-0.692556
-0.687658
-1.020859
-1.015076
-0.630892
-1.026748
-0.690935
-1.041658
-1.026748
-1.041658
-0.687658
-1.041658
-0.989708
-1.032299
-1.035769
-1.017939
-1.021461
-1.036544
-0.670918
-1.014199
-1.024211
-1.036761
-1.027131
-1.003413
-1.034306
0.015929
-1.014199
-0.444142
-1.030655
-1.015575
-0.703165
-1.025373
-0.551735
-1.009084
-0.666409
-0.995981
-1.029428
-0.670531
0.946857
-1.038907
-0.310326
-1.035383
-0.640296
-1.042818
-1.023609
-1.030872
-1.400340
-1.324962
0.598886
-1.008914
-1.022450
-1.038305
-1.016229
-1.030872
-1.036761
-1.004789
-0.912936
-1.006377
-1.033020
-2.528970
-1.035167
-1.005390
-0.977545
-1.038907
-1.034396
-1.000880
-0.692556
-0.976170
-1.051525
-1.000493
-1.033020
-1.005779
-1.003025
-1.044578
-0.491756
-1.032247
-1.019484
-1.025588
-0.986570
-1.005390
-0.706441
-2.537161
-1.024985
-1.021461
-0.595822
-1.042818
-1.017553
-0.732218
-1.039680
-1.019312
-1.022234
-1.035769
-1.037921
-1.040282
-1.036544
-1.030655
-1.031257
-2.026314
-1.037146
-0.252972
-1.041444
-1.040282
-1.037146
-1.027735
-0.603153
-1.023223
-0.397015
-0.695024
-2.225895
-0.693368
-0.692556
-1.030099
-1.027705
-1.031860
-2.545576
-1.045566
-1.020473
-1.034996
-1.034782
-0.701929
-0.919056
-1.021851
-1.008530
-1.027419
-0.688470
-1.041827
-1.031646
-1.044192
-1.000493
-1.001480
-1.013427
-1.029497
-1.004789
-0.607690
-0.589265
-1.047328
-0.626833
-1.043419
-1.043804
-1.044578
-1.029497
-1.021461
-1.013358
-1.046944
-1.016732
-1.014802
-1.044192
-1.044192
-1.032634
-1.025972
-2.946233
-1.040668
-1.300988
-1.034782
-0.361104
-0.261047
-0.989104
-1.038907
-1.009516
-1.044796
-1.041444
-1.042818
-0.459990
-1.037532
-0.707639
-1.269925
-1.012053
-1.024549
-0.154186
-1.045181
-1.013427
-1.034782
-1.030655
-1.043804
-1.039895
-2.485398
-1.475498
-2.508602
-1.021851
-1.016951
-1.018711
-1.032417
-0.701895
-2.193756
-0.375098
0.124057
-1.024599
-1.033020
0.719490
-1.017553
-1.032417
-1.001868
-1.039680
-0.997138
-1.029712
-1.010676
-1.419440
-1.050088
-1.041055
-1.028122
-0.784294
-1.026962
-1.024599
-0.612138
-0.319515
-0.675818
-0.690511
-1.044796
-1.029497
-1.003413
-0.703165
-0.998722
-0.699078
-1.041658
-1.040668
-1.332230
-0.672963
-1.013427
-1.340112
-1.029109
-0.695798
-1.021106
-1.029280
-1.036761
-1.039680
-1.033623
-1.032247
-0.680752
-1.024985
-1.016175
-1.043804
-1.042818
-1.034782
-1.015790
-1.043804
-1.029497
-0.431831
-1.015187
-1.045566
-1.035769
-1.021851
-1.035454
-1.038907
-1.027735
-0.285550
-1.038907
-1.030485
-0.709683
-0.671341
-0.704398
-1.016564
-1.044578
-1.017336
-1.038907
-1.009301
-1.026748
-1.035769
-1.030872
-0.685615
-1.044796
-1.041658
-1.043804
-1.015960
-1.032870
-1.020690
-0.699078
-1.034396
-1.012655
-1.036761
-1.045955
-1.027735
-1.069889
-1.028122
-1.028508
-1.025373
-1.042045
-1.044192
-1.018326
-1.039183
-1.043804
-1.040066
-1.025373
-1.041658
-1.034008
-1.004618
-0.702741
-1.028726
-1.046944
-1.030099
-1.038907
-1.028726
-1.033020
-1.031860
-1.030872
-1.016175
-0.330206
-0.639221
-1.034306
-1.030099
-1.013814
-1.030872
-1.341049
-1.040282
-1.026962
-0.612525
-1.036544
-1.025588
-0.467822
-1.036761
-1.016951
-0.697843
-1.041658
-1.043804
-1.022450
-1.041444
-0.706829
-1.014802
-1.041658
-0.478947
-1.044796
-1.036761
-1.041055
-1.040668
-1.036761
-1.011277
-0.557444
-0.431831
-1.041055
-1.041658
-1.043804
-1.031860
-2.495535
-0.792227
-1.036156
-1.043491
-1.044192
-1.369730
0.129103
-0.477180
-1.012053
-1.041658
-1.041055
-1.062717
-1.040668
-0.319085
-1.032634
-1.342922
-0.579201
-0.656190
-1.021391
-0.219149
-1.029497
-1.040668
-1.044578
-1.041658
-1.036761
-1.042045
-1.024383
0.410857
-1.028726
-0.427776
-1.025588
-1.022837
-0.412044
-1.021461
-0.687234
-0.330035
-0.651291
-1.037921
-1.002256
-1.028726
-1.031257
-0.997357
-1.040668
-1.042818
-1.042045
-1.041055
-1.032247
-1.025588
-1.007538
-1.022450
-0.614570
-1.028122
-0.977161
-0.738126
-1.021461
-1.043804
-1.036156
-1.037921
-1.041658
-1.047715
-0.562507
-0.684803
-1.043804
-1.049805
-1.043804
-1.021073
-1.018711
-1.047328
-1.033623
-1.014802
-1.043419
-0.964611
-1.007153
-1.036761
-0.686425
-0.997138
-1.041658
-0.700697
-1.040282
-0.706829
-1.042045
-1.042818
-1.041658
-2.500189
-1.005004
-0.613758
-1.039680
-1.040066
-1.025588
-0.988549
-1.009903
-1.029884
-1.025373
-1.017336
-1.029884
-1.036312
-1.025588
-1.041658
-1.017553
-1.041658
-1.022234
-1.036156
-1.035769
-1.016175
-1.034782
-0.289828
-0.706405
-1.044796
-1.007538
-1.032299
-1.035383
-1.046944
-1.042045
-1.035769
-1.024985
-1.022837
-1.011061
-1.024599
-1.015790
-1.036761
-1.037921
-1.041658
-1.043804
-1.034396
-1.036026
-0.619818
-1.039680
-1.041055
-1.040668
-1.040334
-1.041658
-1.041658
-1.030270
-1.009903
-1.035383
-1.009516
-1.048654
-0.704786
-1.014413
-1.029109
-1.044796
-1.023826
-1.039293
-1.041658
-1.036761
-1.045211
-1.020473
-1.041658
-0.361796
-1.031257
-0.996583
-1.037921
-1.002256
-1.032031
-1.038907
-1.041444
-1.039680
-1.022234
-1.033623
-1.041055
-1.016564
-1.028726
-1.048704
-1.020086
-1.015187
-1.040668
-1.040282
-1.035769
-1.015187
-1.045955
-0.595788
-1.042818
-1.021461
-1.025373
-1.041658
-1.041658
-1.027131
-1.026748
-1.016951
-1.028122
-1.024767
-0.698265
-1.025588
-1.002424
-0.623944
-1.025972
-1.043804
-0.525622
-0.313777
-1.022837
-1.011277
-0.686002
-1.043804
-1.036761
-0.447259
-1.040668
-1.067596
-1.478264
-1.025588
-1.024211
-0.972262
-1.025373
-1.022450
-0.634552
-1.020690
-0.229841
-1.030872
-1.019312
-0.382653
-1.038907
-1.013427
-1.033623
-1.044796
-1.043804
-1.021073
-1.034996
-1.027735
-1.041658
-1.027349
-1.024264
-1.028122
-1.013814
-1.008530
-1.031860
-1.038907
-1.009301
-1.041444
-1.016175
-1.040668
-1.034008
-1.038521
-0.414876
-1.021461
-1.026360
-1.044796
-1.040282
-1.013814
-1.040668
-1.040668
-1.016564
-1.016080
-1.030872
-1.037146
-1.027735
-1.031646
-1.021851
-0.582359
-1.025373
-0.402797
-1.031257
-1.041658
-1.037146
-1.041658
1.073318
-1.039293
-1.024599
-1.038907
-1.045566
-0.514883
-1.042431
-1.203788
-1.043804
-1.255826
-1.035383
-1.036544
-0.341905
-0.436128
-1.041658
-0.599909
-1.045566
-1.047715
-0.679655
-0.460916
-1.017939
-1.034996
-1.016564
-1.034008
-1.029497
-1.004618
-1.034996
-1.028726
-1.022450
-1.041658
-1.044796
-1.026962
-1.012437
-1.018927
-1.030270
-1.042818
-0.420690
-1.017553
-1.031257
-1.026748
-1.024599
-1.041658
-1.040668
-1.037146
-1.038521
-1.011277
-1.012655
-1.030872
-1.033020
-1.031860
-1.044796
-0.707639
-0.703553
-2.920358
-1.044796
-1.029497
-1.036156
-1.025972
-1.004618
-1.036156
-1.041658
-1.025588
-0.320450
-1.039895
-1.041658
-0.708062
-1.041658
-1.043804
-1.007538
-1.042818
-0.692133
-1.025588
-1.025588
-1.044796
-0.386513
-0.655380
-1.044796
-1.016564
-1.030270
-1.016175
3.686387
-1.040282
-1.041658
-1.042045
-1.005390
-0.652981
-1.024985
-2.483805
-1.037146
-1.025588
-1.042818
-0.996583
-1.001480
-0.590500
-0.350034
-1.030872
-1.022837
-1.022837
-1.042045
-1.038907
-1.029109
-2.349774
-1.041658
-1.046944
-1.030872
-0.497912
-0.990696
-1.037532
-1.034996
-1.035454
-1.030872
-1.040668
-1.043804
-1.032299
-0.305021
-1.046341
-1.038305
-1.036761
-1.040282
-1.036761
-1.026748
-1.045566
-1.041444
-1.041658
-1.023609
-1.031257
-1.041444
-1.026360
-1.033623
-1.031860
-1.039895
0.083307
-1.017553
-1.018927
-1.047715
-1.036761
-1.038907
-1.029497
-1.022450
-1.044578
-1.041658
-1.041055
-1.028856
-1.043419
-1.036761
-0.533799
-1.041658
-1.036761
-1.038907
-1.032247
-1.040282
-1.039895
-1.042045
-1.080225
-1.028726
-1.027735
-1.046944
-1.037146
-1.043804
-1.039680
-1.042431
-1.040668
-1.062433
-1.038521
-1.036373
-1.041658
-1.041658
-1.042431
-1.014413
-1.031860
-1.057840
-1.041769
-1.029497
-1.041658
-0.416609
-1.041055
-1.024599
-1.033623
-1.025588
-1.033020
-1.041658
-1.041658
-1.036761
-1.038691
-1.040668
-1.040668
-1.032247
-1.026360
-1.035769
-1.035769
-1.043804
-1.028726
-1.045566
-0.363365
-1.044796
-1.044796
-1.022450
-1.039680
-1.044796
-1.014413
-1.039680
-1.025588
-0.423735
-1.041658
-1.036761
-1.038521
-1.041658
-1.036544
-1.042431
-0.998344
-0.985797
-0.386400
-1.042431
-1.028726
-1.022450
-1.040282
-0.383458
-1.038521
-1.025588
-1.010891
-1.006377
-1.009516
-1.032247
-1.040668
-1.040668
-1.037146
-1.027735
-1.043804
-1.034396
-1.045181
-1.040282
-1.025588
-1.022837
-1.045181
-1.015790
-1.018711
0.261597
-1.039293
-1.039895
-1.039895
-1.038907
-1.024985
-0.699466
-1.037532
-1.041658
-1.043804
-1.010891
-1.020690
-1.042045
-1.026360
-1.038907
-1.038521
-1.034782
-0.415456
-1.024211
-1.040282
-1.041658
-1.041658
-1.025588
-1.045566
-1.048704
-1.001480
-1.041658
-1.015790
-0.720578
-1.027735
-1.008914
-1.018927
-1.033623
-0.582110
-1.044796
-1.043804
-1.044796
-1.041658
-1.044796
-1.015187
-1.043804
0.686960
-0.873540
-0.466334
-1.036761
-1.042045
-1.044796
-1.040668
-1.033237
-1.047328
-1.039895
-1.043804
-1.041658
-1.023826
-0.988718
-1.028122
-1.008914
-0.331590
-1.038135
-1.036544
-1.033623
-0.513017
-0.426107
-1.041658
-1.044796
-1.040668
-1.036761
-1.036761
-1.022450
-1.035383
-1.159997
-1.029109
-1.019312
-1.040668
-1.022450
-1.010289
-1.040668
-1.047328
-1.040668
-0.426107
-0.606818
-1.022837
-1.003629
-0.987173
-1.025588
-1.041658
-1.044796
-1.043804
-1.020690
-1.025588
-1.041658
-1.022450
-1.036761
-1.043804
-1.023826
-1.040334
-1.045181
-1.044796
-1.020086
-1.025972
-1.046555
-1.029497
-1.044796
-1.034996
-1.032247
-1.028726
-1.044796
-1.025588
-1.033623
-0.650481
-1.017553
-1.041658
-1.030872
-1.027735
-1.046555
-1.003629
-1.031860
-0.660663
-1.040668
-1.041658
-1.026962
-1.045955
-1.044796
-0.388915
-1.040282
-1.041658
-1.046555
-1.042431
-0.794091
-1.043034
-1.038907
-1.042045
-1.020690
-1.043804
-0.702352
-1.027349
-1.044796
-1.042818
-1.037532
-1.030485
-1.018927
-1.025588
-1.041658
-1.026962
-1.036761
-1.032634
-1.004618
-0.686391
-1.041658
-1.030872
-1.045181
-1.036761
-1.030485
-0.398671
-1.041055
-1.020690
-1.025588
-1.029109
-1.045955
-1.040668
-1.037532
-1.008530
-1.020690
-1.044796
-2.483805
-1.044796
-1.027735
-1.036761
-0.290213
-1.031860
-1.030872
-1.043804
-1.007538
-1.044796
-1.048318
-1.043804
-1.039895
-1.046555
-1.030485
-1.040668
-1.037146
-1.024599
-1.043804
-1.302022
-1.027349
-1.041658
-1.022837
-1.017939
-1.024599
-0.290843
-1.024599
-1.039895
-1.044796
-0.447044
-1.042431
-1.041658
-1.011664
-1.037175
-1.030872
-1.027735
-1.045955
-1.044796
-1.011277
-1.025588
-1.036761
-1.042045
-1.045181
-1.044796
-1.028726
-1.041658
-1.029497
-0.708451
-1.041658
-1.045181
-1.029497
-1.043034
-1.009516
-1.037532
-1.004015
-1.044796
-1.036761
-1.041658
-1.022837
-0.703976
-0.703165
-1.042431
-1.027349
-1.043804
-1.022450
-1.042341
-1.044796
-1.036761
-1.040282
-1.028726
-1.034996
-1.027735
-1.030872
-1.025588
-0.577461
-0.617002
-1.027349
-1.041658
-1.041658
-1.017939
-1.025588
-1.042045
-1.046944
-1.044578
-1.043804
-1.043419
-1.004618
-1.044796
-1.044796
-1.025972
-1.044796
-1.040668
-1.024211
-1.042045
-1.041658
-1.034008
-1.040282
-1.044796
-1.041658
-1.033623
-1.041658
-1.034996
-1.006767
-0.699887
-1.037146
-1.044796
-1.029884
-1.025588
-1.044796
-1.037532
-1.051525
-1.051525
-1.034008
-1.023223
-1.028508
-1.038612
-1.024599
-1.042045
-1.044796
-1.035769
-1.028726
-1.044796
-0.757778
-1.031646
-1.015790
-1.025588
-1.040668
-1.040282
-1.046944
-1.041658
-0.441008
-1.017553
-1.040668
-1.021073
-1.019699
-1.039293
-1.042052
-1.044796
-1.034008
-1.044796
-1.042045
-0.594310
-1.045181
-1.041658
-1.041658
-1.025972
-1.046647
-1.020473
-1.042045
-1.024985
-1.044796
-1.033623
-1.044796
-1.041658
-1.038521
-1.025588
-1.020690
-1.040282
-1.037532
-1.030485
-0.642306
-1.036761
-1.027419
-1.042045
-1.027735
-1.041658
-1.022837
-1.036761
-1.492978
-1.025588
-1.029428
-1.041658
-1.042818
-0.747922
-0.131110
0.887396
-1.022056
